11. uuoummcu.

11111 1111.

luunt 1111.

lm 1117.

111111 1. 1111111.

111111 711. 1111. 1111. 1111. 11111111.

1111. 1111. 1711. 1111. 1111. 1111.
1111. 1111. 1111.
111111 1111111 11.
Ι. numunianum.
1. 11111111 1111111111111111.
1111111 1111 Argu· uegomutuu 1111.

Ι. 1131111111.
lunen 117. 1111.

111. lunum 11.

111. 11111111111111 1117.
numi. 111111, Itym 111.· 1117. 1111.

1111. 1111. 1111. 1111.

111111 5111. 1111.

111111 1111. 1711.

111 1111111111 1111.

iuncum 1111.

11111111 1111.

1111111111 1171.

lumin (1), 111. 11111111.
1111111111 117.

111 numanum. 1171. 7111.

1111111111111 1111.

Luctum 1111.

1111111111.

hinnul 1111.

Lambaesis 1111. 1111. 17111. 7111.
1111111 1111111111 1111.
1111111111 1111.

Lambrus (1111) 1111.

1111111111 1117.
111111111111111111111111111111111.

11111111 1111.
cnutum! 11111111171111111 1111.

111111 1111111111.

Lanuuinum). 1111. 1111.

11111111 111. 1711. 1111. 5177.

hodienum 11 Lyco 1111.

11111111 11 11111111.

humente! 11111.

11111, 111111111111111. 1111.

nunno· 11111. 1171.

Vicus Lam 1111.

111 lanu· 1111. 1111. 1111. 1111.

1171. 1117.

1111111111. 11111. u. 1111111.

11111111 1111.

11111111, mus 1111. 1111.

111111110111111111 111. 1117.

hunnum 1171; 111111111111.

hunellum 1111.

Laurentum 1111. 1111.
111.1111..(1111111111.1”111.)1171.
humatum. 11711111. 11117117.
1111111111111111111111111111111.

uum 1111 111111. 1111.

1.. mu Augustinorum 1111.

1111111111 1111.
111 1111111111 1111.
1111111111 uuum 111 uim Nom.

rum 1111.

1111111111 1111
1111111111 noun
Lunum 111111-
[1111111711.

1111.

11111111111111 1111.

Lem 11111111 1171.
1111111111 upplun! (1) 111.
11111 1111.

Libum 111.·

mulctum unguo 1111. ’
11111111 1111.

11111111 mut 1111.
11111111 111. 1177.

· 11111 1111. 1111.

Liguri· 1111. 1111. 1111.
Ligures 111. 111. 1111· 1111. om.
L. 111111111111.
1.. 11111111111117.
uerum Ligurum 1111.
1111111111 1111.
ungu· Liguuuuuu 1111.
111 publ. Llssuuuuuuum 111.

1111111111 111.

1111111711.

11111111 171. 17111111. 1111. 1111.
1111. 1111. 1111. 11111111.

Livi! 1111111111.

11111111 11111. 1711.

1111111111. 1111111 1111 - 111.

1111111 1111.

111111111111111111 111.

11111111.

1111111 (1111111) 111. 1111. 1117.
1111. 1111. 1111.

111111111117.

1111111111.

Luci! = Lyci! 1111.

11111111 mun 1111.

11111111111111, 111. 1111111111111.

11111111 11111111.

1111111111 mun 1111 = 1111.

11111 (111. Vacontium) 1111.

11 11111 1111.

Lugdunensis. 111111111111 promen
111. 1111. 1111. 1111. 1111. 1111.
Ξ111. 1111. 1111. 1111. 1111ς1.

11111.

Lugdunum, Lugudunum 111. 111. 1111
1111. 1177. 1111. 1111. 1111.
1111. 1111. 7111. 7111. 7111.

11111111111111 111111.. 111.

111. 1111111 eom· Aug. 1.. 1111.
1111. 1111. 1111. 7111.

111. Lugdunensium.

emt 1111111111 1111. 1117.

 

