vn. RES PVBLICA nommonvm. 135

1111111118. 503. 553. 00313831133.
3377. 3703. 3837. 1330. 5178.
0103. 0503. 0701. -111175311,

11011111111111 511. 513. 010. 001.
533. 3371. 3118. 3138. 3130. 3133.
3110. 3300. 0113. 5178. 0173.
3030. 3000, 0150. 3180. 3313.

110. 111. 11 533.

1101111 111311 533. 377. 3353. 3111.
1371. 1338. 3101. 3180. 0103.
1101111 (1111111) 11111111 377. 3113.
3113. 3333. 3003. 0137. 0715.

00111111 110111110.

11011111 1111111111111111111111 111·

111 1111111 111111355.“
1101111111 1111111 3110.

3110111111111111. 11.) 013. 011. 500.
371. 033. 733. 733. 773. 0331173.
1178. 3300. 3373. 3307. 3303.
3710. 3011. 3103. 3103. 3111. 3115.
317311. 3171. 3177. 3383. 3033.
3001. 3837. 3000. 13101353. 0153.
0173. 5133. 5303. 5353. 5358. 0338.
5130. 5131. 0133. 5150. 0158. 5180.
0180. 0013. 3013. 0013. 0051. 0100.
0151. 3153. 01501. 0183. 0131.
0133. 0135. 0133. 3001. 3001. 3700.
0311. 0315. 0380. 7130. 71301.

11. 11. 01111111113373. 5150.

11. 11, 1110101111 133. 3373. 3753.
3051. 0110. 5503. 0011. 0018.
0138. 0500. 0003.

111101011111111101011111113103.

11. 11. 111010111131111111 10 773.

11111. 11111 111011111 3180.

11. 11. 1111111, 11 11111111 11111111
1110101111 3111 7111111 111. 3173.

311010111131111111111 1111111111 111-
3110118.

10111111 1111111101111111 77. 733.
730. 333. 1301. 5131. 0718.

11111111 131113111111111 11 11111
Tuo 11111111011111111 1170.

111111111111111 1111. 1110111111 111.

111 1111. 3111. 11. 111. 3111111101
1111111111 311 1111111111. 3713.

1 3111 Magno Antonino 0151.

11111111 1111111131111111 1ΤΙ. 31110111
3111111111. Germ. 11111113110

(Tribunos 111111 11111111 1111· 31111111-
1111111111. 111111.)

0111111111 133. 110. 311. 533. 011.
· 513. 513. 010. 551. 050. 003. 078.
508. 033. 055. 330. 8301100. 1187.
1130. 3151. 3300. 3010. 3103. 3138.

3111. 317311. 3333. 3037. 3031.
1371. 0303. 0308. 0333. 0133. 0177.
0180. 5708. 3100. 3103. 31030183.
3130. 0133. 3135. 3133. 3311. 3383.

Q. 0111111111 1111 0111111111 11111·
11111 11111111. 11111111 11 1111111111
11111111 111 0317.

Q. designatus 11111111 11111111 3711.

(1.1111010111111130. 1131. 1131. 3301.
3351. 3351. 3013. 3011. 3151. 3103.
3133. 3183. 3181. 3100. 3303. 3783.
0173.3131.0181.0003.3003.3013.

Q. candidatus 1111. 3731. 3131. 3007.

11111. 3111. 1111111 7111111111.
Germ. 311111 3303.

11111 7111111 311101110003.

11111 11101111171301.

11111 111011111 1111011111111111
1111111 1111111111 1111111 0111·
111111 3111011111111111 1111111·
11111 111111111 3130.

1111. 3111. 11. 111. 3111111101 11-
111111 111. 3113111111 3003.

1111. 3111. 11. 1111. 11111111 311
3111111 111. 3373.

Q. 111. 3135. 3103. 3033. 1303.
5117. 5158. 0180. 3011. 3013.

(1111. 11 eodem 11111111 111.

¹ 11. 11. 11111111111111111111111

Q. 111111111113373.

11111. 31111111 111. 31001.

31111111 111. 10 773.

3111 111. 1131. 311111113138.

ΤΙ. 31111111750.

ΤΙ. 3111. 1111. 733. 303311. 7333.

Dm 3111111111 3133. 3110. 5113.

3111 7111111311111111 0333.

11111 1110111111 111, 3501.

1111. 11111111111. 3113001.

0.11111. 1173.

Q. Urbanus 1331. 3353. 3371. 3118.
3113. 3303. 5081. 0303. 5130. 5173.
5173. 0003. 0301. 3033. 3050. 3151.
0137. 0000. 3710. 3718. 7108.

Q. 111 1111111 310011.

10111111 1 ΤΙ. 3111011 3111111
11111113111111111. 1111 11111111
1111111111 111 1111111111 11111
11011111 111111111 1111111 01-
111111 3103.

Q. 1111111111 11111111 0110. 3030.

1111111 1178. 3307. 3377. 3703.
3703. 3331. 0013. 5001. 3013.
3013. 3101.

11111 3001. 3701.

1111111111 11 111111111 1111
11111111 1117.

 

