66 111. nn. DEAE. 111160106161111111.

11. 6111157161. 1111 6111156611.
11. 71111111 11666656. 6666. 76661. 1111 1111111766.
11. F. 1111115767. 6116111111. 611 - 1656.
· 11. 11111111111111616656. 611111. 1. 11111111.
11. 11116111 1161. 1111111111 5716.
11. 1111111 1166. 6666111. 66611· 611111111165. 1167. 116611661176.

1111111611 1766. 6666. 1667. 6616. 6111. 7666.
11116661. 611611111 6117661. 61116767. 6651.
11. 1111116116. 5656. 11. 1111111111 11. 111111 xx 661.
111111 1766. 11. 1111111 XV! 6676.
1111 1111111111 6167. 6615· 7166. 11. 1111111 111 6671.
1111 6111 1611. 6116. 6166. 5651. 111111116111111111 1661.
1111 61111111 1616. 1661. 6716. 1111115677.
1111 116111 6151111. 11. 111111115676.
, 1166111111 1111161111 1766. 1666. 11111111.1. 6111611.
6616. 6656. 5651. 111111111 611111111111111666.
1111 6111 111111 1111111111116166. 1111111 1111111 6616111.
1111 111111111111611111111111116165. 1111111 111111 6566.
1111 6111 1111116166. 6161. 1111111111. 111111 - 1767.
1111 61111111 111111 6751. 1111111 1111161 1666.
1111 111111 61111111 3116. 1111111611111666.
1111 6111111 1111111111 1716111. numus 51168.
1111 6111111 11111111111675. mn Aug. 56111.
1111 6111111 1111111 1111 111111111 1566. 11111111(111111116),1. 1111111111.
116611111111111161111111111111116111. [116111111111 1661.
1111 61111111 616111111111111676. 11111 11. 1666.
6611611661611· upon· 111. 1111. 1111. 1111. 1111.
1111 1111111111111 6667. 5656. 5666. 5666. 5661. 5661. ,
11. 1. 111111 (11.111111111111116766. F. 1111. 1766.
1111 111111115776. 111111 1666.
1111 1111111111 5666. 1111111111 5666.
⁰¹¹ 1161111111 5666. 11111111 Augustus 1761.
1111 111111111111,661611- 6666. 111111 11. 1766. 1761. 1766. 1661.
. 11111111111176.1616. 5676.
1111 1111111 6576. 11. 11. Aug. 5666.
1111 111161177611. ’ 11.11.11111111111111111111111111611111 3
1111 1111 5166. Augustorum Ι.. 6111111111 1111. 6111.
1111 magn! 151111. 11111111 66711111.
11. 111. Ι1111111111111 1651. 11111 1111111 11. 11. 1765.
11111111111166. 1765. 17671611111111111 11111111 6167.
11. M· 111. 11. 6111561111111. 11111111 1666.
1111 11111111 5666. 11111111 66.
111111111111116166. , 1111116111 1611.
1111 11111111 5611. 61111 5617. 1
1111 1111111111 1666. 61111111 6111661. 1766. 6676. 6671. 1
1111 1111111111116161. 61111771. 1776. 6166. 6516111. 5666,
1111 111111117616. F. Aug. 1775.
11. p. 1111111 1676. F. 1111111111. 1. 61111111.
“ 1111 11111111 5615. F. 6111116616.
1111 1111117616. 6. 61111111 11151611 1771.
, 1111 1111111656. 7161. 1111111111111111111.
1111 1111111111 61111111. 1551. F. 1111 1777.
1111 111111116666. 1151. 6661 (1). 61111 5766.
1111 1111111111 111 1111111111 6161111. 1111 11111 1776.
1111 11111111116166. 11111111 17661661.
1111 11111111) 1566. 1566. F. 11111111 1776. 6566 = 5766.
1111 1111111 6661. 1156. 111116616.
1111 111111111116661. F. 1111111716.’ ,
1111 611111 1166. 6666. 61111, 11111111 111 611611 5666.
1111 1111111 11111111 17761771. 1766. Febris 6111,1.111111,1.111111 1766.·
1761. 1111111111 1111. 111111. 11. 111. 1111. An· χ

1

 

