‘ 11 1 116666161161611.

Fundus 6611616611661 6666. “ 16611166616666.
661616616666 6668. 161166166666666. 6666.
’116616661 166116166616666. ·

(1616661 66616661 3334 Pompslssus 6676.

Fundus 6661166661 · 66666616661

ι 1661111616611· 6616166111166166
166166166616666. 766661161166116661 m
Ι 1116116661 ξω 6116166616661

6661 76666166 ·

6616 16166616 6666. 1165116661

766661 6666666661 6666. 666611666616666.

6611166661 6665. 666611616661 6665.
6661616666 ’1616661 6666. 1166116661 2 M ,

1166616 1166161666 1696. 61616661 ·

Fundus llsssulslsnus 1 66116166616666.

16116661 ς 6666 6666611661 2 m
16116666 616161 sl 1616111 66616661 76166116661

61666661

16616661 6665. 66116661 161611616666.
1611116661 6085. 56166661 6666.
1666616666 (16611661 11116616 616616 6655.

1611116661 ξ 6666. 6611666 516161616661 6665.

16116666 8661116661
666161 111611 6115. 6616116661 6666.
1166616 116611661 5666. ’161661166661111611161

6161166 6666616666 166. 71166166617666.

Fundus 1166116661 716661116661 6666.
Marcellinus 1116661676111166116 1776.
6111111666 6666. 766666 7616116661
116616661 76161116616661166661111616661
11666111661 7116116661 7616116661
Nssvlsnus 6666. 761616661

ι 176166616661 76616661

66616666 · 761616661

’ · 0616116661 ⁶⁶⁶⁸· 7616616661
1166616661 761116661 1776.
Pssllgnlsnus 5667. 761116661 6111161
161161166616666. , 71616661 ξ 6666.
161166616661 6665. 71161116661
1611116661 6666. 7616616661 6666.

ΙΙΙ. [111. DEAE. MYTHOLOGICA Vltus.

61161116, 666111. 1656. 1656. 6616166 5676. 66161166158611.
61116161, 6661 ·- 6776. 6666166) 5668.

1166656 6676. 1161166 Α. 11166. 661661661611161.116661661616.1576.
1111166616 5761. 66661 1. 6166616166. 1576. 1566. 1767 (= 5666). 6617.
66116166 1176. 6666. 6666. 6766. 6767. 7166.
6616666, Aug. - 1655. 11666 Α. 1576. 1575. 6667.

1166666 1665. 1111161661 Α. 6515. 6616.

66661, 1. 16661161. Α. Augustus 1576. 1666. 6166. 6661.
66666666 6666 6666. Α. 1666161661161611576.

66616666 1161. 1766. 6676. 6671. 1111 166661 61 116611. 61111616 1561.
1166661661, 6. 16661161. Α. 617616 61161161 6616.

166611 1676. 1161666 Α. 61 1166166 7166.

66161116 5666. ’ Asclepius 1667. 1576. 1766.
1161611616 Aug. 5666. 5611. 11666 Α. 5768.

666661 (ΑΙΑΚΟΣ ΚΛ61Δο6Χο611175. A. 16161661 666611616666.

661616. 1. 1166616. (16616161616611 1761.

 

