n. otoummce 7

0111111111 0040.
011441 170· 177) 1700. 0004. 0400.
0000. 4470. 0100. 0010.
0140011οι 0000.
0111044144 0000.
040110 7100.
01011114000.
0014004οι 010.
0011101 170. 100. 0074. 4010. 0440.

00010 uere 4101111 11014111 0111.
004111011101 0100.
00401110101 700.
0011140111) 0440.
00411104101 0010.
0010111 004114041Ιο11 0070
00411110 0000.
001111011010001. 0701.
1111101 001110100411101101110. 0000

0000. 0000. 0010. 0000. 0000. 'iiim 00 0

11. Goiiio.
001110 4070. 0700.
0011111101, 410111 0000.
0011001101, 410111 1000.
0011041001 101.
0010400100 107. 000. 0070. 0400. 0401.
0004. 4104. 0100. 0100.
001011110111 1104004111 101. 101110.
100. 00711. 0000.
401. 0110401011 1000. 0000. 0004.
001. 0000400111040114100.
0141111 00104011114 0100. 4100.
04111 001040111114107.
00004011111 100. 101 ru. 1170.
0000401111οι 0410 0101.
1411101 01104001111 0004.
0010400111041 0001.
11101 001040111011 0004.
Berenicis 0000.
01001 0040010110 0001.
m. Beronices 0011.
Bergidum 100.
Bergomum 00.
0041011101 0000.
0141110111 40041 0171.
00414 0100.
00401 0071.
0041ου01 0001.
0041101 1040.
001. 11111 101. 10111 0044111 014.
0041101111, oui Beieoiie 0111111001
1111110040. 0000. 3000. 0400. 0007.
01111011 0100.
011101 07001.
001. 0. 1001111070.

1111111011 77. 1170. 0000. 0000. 0000.
0070. 0100. 0101. 00401 01001111.
01411001 0000.
011141101 0000. 0410. 0700.
0110411 1101101100.

011141101 71411οΙ 100.
1111110100. 0000.
0104111 0100.
0101001101041101011 0101.
001110011101111 4707.
00011101 1111101771.
0010144041 0000.
0011 00071.
0010111110. 001. 0071. eiii.
10101111101000. 1111.

0440144 1004.
04. 1010111 000.
0440144110111110000. 0017. 0440.
0000. 0000.
0014101111 04101404010100.
0410011011 0004.
04010110 400.
04010100101 000.
041101 100. 0001. 0400. 0100. 0107.
0010. 0704. 0000. 0007.
0411111101 1010. 0010.
0411100. 0000.
0411101Ιο 000. 710. 000. 040. 1407.
0000. 0107. 0100. 0001. 0017. iiie.
0147. 04010400. iiie. 04000010.
0107. 0400. 0400. 0000. 0000. 7400.
0411101101 10441 1000.
04111011011101 0000.
0411111 ruri. 1107. 07401 01. 04111111.
0411101101 004. 0000. 0001. 0100. 0400.
0701. 0010. 0700. 0701. 00074.
04. 101410000101 0047.
04. 711101100101 1007. 0707.
041411 07. 101. 1071. 0100. 0744. 0700.
0000. 4004. 4000. 4004.
reru. 0414. 0000.
001. 0141011011414 00.
04141101 0704. 4001. 0007.
0411111111 0701.
14010111 0000.
1401111101 104. 0100.
0400111101 4401.
1141111101 41111 10 01411110140.
1410110004. eree: 01. 0414111
0. 0110111001 10011.
00411111 0074.
000111 140 ro.
00101011 0101.
01110010 0070.
011101040 0070. -
0111111011 0000.
011141110001111400. 1400.
01101110 0010.
(11101110001011 4110.
crederem· 00711 01. 001140401111.
011011 0010. 0007.
0410401 0000. 0000.
01001101101 00. 004 = 0000.
0101110111 00044101 0101.
1110401111 000011. 0707.
01041101 0707. 1700 ep·

 

