ι. 011111011110111111110111111111111. 11 .’ ”

0011111111111111111110. 0111. 11111-
11118110 0774.

11110. ’1111111111οι 701. 9978. 8570.

11110111111111100. 01111. 5050.

Caum 011111 1111111111111111101·

11111509.Ι
1110011111111101188510
Traianus 01111185.
11110111111018808. 5808. 5001. 0171.
00111101 11111001 0080.

191101 Nem ’11111101 0111011111 797.

801111111101 Aug. 9581. 9110. 3888.

1111111 11111111. 1110. mu· 1511.’

111111 ’11111111 8111011111 4007. 5090.

Divus ’11111001 1104. 1578. 9581.
8488. 8050. 8008.

Numen 1110. 011111111111111 1111111
Aug. 0111111111 1111111 700.

1110. 0111. Nem 1110. (11 111111.
1110111101. 0011. 1111. 1110. 001.
101. 11 (1. 98) 910.

118. Do 011, quo 1110101110 00111101
a 11010110 Aua. 11000010 111, 11.
ad 5448.

1110. 01111181111111110111111 Trala-
1111100. 509ι 11. 0011101000.
1010. eoem 19111 Nemo 1. 111111
Traianus Αυι. (Lean. 00101101..

1110. 001. 101. 11. 0. 0. 1111. lTl

11. 00) 140.

1010. 011111 Nem 1))ι1 Nemo 1.
’ξι-111101 Aug. Germ. 1110. 001. 101.
111 (1. 100) 180.

1110. ιιι-1111111111. Aug. 01111111·
1111 111 001. (1.100) 1455

1110. 011111111111111111 1. Nem
11111101 110. 0111110011. 11111
1110. 001.1111.001.Γ11.111110.1Τ11
(1.100) 789.

1110. 110111 111111. 1-0-01111. 0
1011. 1110. 001. 101. 1111. 0. 0. (1.
101) 080810.

1110. 0111. 8111 Nema 1. Nem
11111111 Aug. 0101111011111111101
8111111111 0011. 1111. 1110. 0111.
101....100(ι. 10911041) 15010

1110011111 8111 Nemo 1 Nem
’11111101 0111001101 00101111.
1110. 001.11.1110.11“001.1111.0.

⁸ 0. 11. 109) 188.

1110. 011111 11111 Nemo 1111111
ΤιιΙιιιιιιΔιιι. 011011110111111101
0011.1011.11111.001.1Τ1.11101111.
101. V. 0. 0. (1.1.04)8005 5440.

0011.1111.1110.001.101. V. 0. 0.
(1. 1049111) 108. 4805185.

(1011111. 111111011.1.1111.101.111.

0001. 1111. 1110. 001. lT. 101. T. (1.
10510) 180.

0011. 1011. 11111. 001. 11111. imp-TV.
101. 1. 0. 0. (1. 100)-Ψ. 1* .

0011. 1011. 1110. 00111111.1110.1.

101. 1. 0. 0. (1. 100101. .-
00111.1011.1110.001Χ1.110011.
101. 11. 0. 0. (ι. 10110) 5441
0001. 11111110. 001.Χ-11.1110.11.
101. V. 0. 0. (1. 108Ιο1781.5444.
0011. 11111. 1110. 001111111. 11110. VT
1011. 0. 0. (1. 100110) 5001. ⁵¹⁰2
0011. 00111110. 001. ffm. 111011.
101. 1. P· P· (1. 110) 5448
00110οι1111Ιο. 001.Χ1.1110.1“Ῑ.
101. 1. 0 0. (ι. 111) 0090
0011. 1011. 1110. 001. Χ11. 1110. VT.
101. VT 0. 0. (1. 1191080. 5445.
0001. mn. 1110. 001. 'XT-Vn. 1100. VT.
.... ιι 1 1 1111101111.

1110. 011111-111111010011101800
01111.011.οο11.111-1-.1110.001.
Χ-1111. 1110. 111. 101 Vl. 0. 0.1(1.
114108571.

00100111.1110.001.Χ1111.1110.111.
10111.0.0.10111111110101111101
(1. 115) 788.

pont-..mn 1110. 001. Χ1Τ111.1110.
11111. 101. 11. 0. 001011001111111·
1101011111οι (1.1151100.

1100 011111-111111018111011010011.
1111. 1110. 001. ΧΤ. 1110311. 101.
11. 0. 0. (1.117) ¹⁹⁴⁶..ss

0011. [001. 1110. 001. ΓΧ1.1100.Χ111.
101. 11. 0. ιι. 001100101101101001
01101101 (ι. 117) 1051 11. 700.

(1000001000111101 XXI ,0001081111-
1101 D. 11. VI, 457 11011101010101
111 1110111011,οι01101 dubia 111.·
nam 11 Traianus 0. 11. 1 V 014 V-
Kal. 8101. 1110. 0011110101 1111000·
001 (11. ad 5448), 010111οι0111 011-
mam 1011 0111101100 mo 1011001010
10110 00111.000111 primis 10011111
diebus decuma .)

1110101101.

Triumphus 9581.

Plotina 1101001.

1110101311 Aug. 11101111111100. 0. 0.

P. 1110. 1011111111. 109.

0.1.80 8150.
0041, 8144. 9114.
01111.οι111111111110110 0101101.

41011100010101· Traiani:

01111111110101000. 101. 5000.
81. 900180.

 

