11111, 111. 11111 (11111 5157. Agrippinensi· 1151 1111.
1111111111 5111. 1111111111, municipium 111111- 1771
1111111111 5111. 5111.
1111111 1111. Aginnum 1111111111 1017.
1111111 131 sp. 511. 101. 11711115. Aguoni. 11111111171.
1151.1151.1111.1111.1177.1111.” 1111115110.
1051. 1171. 51015111. 10111151. 111111 111.·
1111. 1110. 1111. 7111. 111111115110.
11111111 111. 1111111111 1115.
’ 11111110115111. 1111111111. Pr. 1111711111.
111111 1007. 11111111 1111.
Aeclanum 5111. m 111111 1111.
municipium 1111111111 1511. 111111111111111 1711.
1111111 1111111111. 1111111111111 111111111115105.

i 11. cnoewmcii.
i

1101. 5010 = 7011. 1111111 Pompeium 1171.

111. 7111111 11 Aurelia 1111. 1111111 11111 im* 1011.

11111111111 1111. 1111111 11111 1111.

- 1111111111 11111111111111111111. 1151. 11111111,1111111- 1111.

1111111111.111.111.1011.5111.5161. 11111111 3015. 1111. 7117.

1111111 117. 1111111111, 111111 111.

111111 (111) 1311. 111111111111 111 1101111 1055.

1111111111110111. 1111111111 111111 (1111111 1017.

Aegyptus 31. 1111. 1111. 1151. iiio. 1111111551.

1111. 1111. 1111. 111711511. 11111111 1111111111.

Aegyptius 1171. 1111. 1111111111 1715.

’ 11111 August· 1711. 111111111111111101111111511115.
Aelium Aug. municipium 111. 1511. 1111. 1111. 1111. 7171. litii. ¹
11111111. regio 1111. 1111. 1111. 1111. 111111. m. Aug. 1111. m. 1111111.

1111. 11111111111 1111 1111.

A· 111 1151. 5111. 1111. 5111. 5111. 111111111εω111571. 1511. 11011111.
11111111, 11111 - 1111. 1111111.111111111111111111111111-1111. i
1111111111, 111. - 1111. 1111111111511. ³

11111111, 111. 501. 11111 1115.

Aequum 1511. 1111711. 111. 1101. 1117. 7111.

Aequom» 1111. 11111111 110. 5117.

11111510. 1111111111 1013

11111111111 5111. 11111111111 1011.

munic. 11111111. 1111 ip. 11111 11111101.

1111111111101. 1111111111,111111111111111.1110. g

11111 1111. 3100. 1. Cottianae 1151. 1111111 11311. ’

,1111111111111 3111. 111111111111111111511021111.

1111111 511. 1011.

1111111111, 1111111111 11551 regio A. 11111111 1111.

1111111111, 111. 111111 1111111 1111.

1711111111. Ρτ.11.11111.517.511.111. 111111 5111. 5110. 5111. 1711. 1717.
771. 171. 1051. 1110.1131.1171. 11571.
1111.1111.1751.1110.1117.1111. 111111 111. [ex interpolatione. 1.]
11711751. 1710. 1011. 1151. 1011. 1111111 5111.

1111. 1111. 1185. 151131151. 1111111111111111.5111.

11511111. 3171171110111011. 11111 111111111 5111.

1011. 5171. 5150. 5501. 5117. 5111. 1111111111 111111 110.

5513Ι 5515. 5151. 1007.1011.1011. 11111111 111.

1051.1151.1171.1111.1113. 1111. 11111111 (i) 1011.
11151117111115011111.1111. 111. 1111111. 1011. .
1111. 1111. 111. 1111. 1111. 111., 11111111. i

17111771. 1115. 1111. 1110. 1111111111 111. 5111. ’

17111111 3111. Ambiunt 1111. i
Agriinnui mun 5115. 1111111111. 5115.

, Agrigentini 151. Ambrussum 5110.

Agrippinensi· 111. 1101. 1111. 1111111111 minor, mm - 1711.

 

