16 w. 6666166116..

111111111116. 11. 11. 111. 8. 1611111111. 11111111.
11111111111110300. 8. 0111111111. 111. 111. 11, 1. 161.
611111111111 1011. 8. 811111 11. 111. 161.

Ν. 611111111016. 8. 6111,11. 111. 161. ’
6111111111111. 111. 6116. 8111111 111111111 0161.

Ν. 1111111 6066. 8111111 11. 111. 111. 11, 1. 660.

’ N. 011 1111110606. 8111111111 11111. 1116. 1111111111

Ν. 011111 11 11111111 6066. 111. 11, 1. 361.
Ν111111111, 11. 11111 111. 11, 1. 661. 81111111 111111110166.
011111 11111. 11111. 1116. 11. 011. 611111111616.
0111111111 11111. 1116. capr. 11. 11111. 8111111111011111111061. 1706. 0070.
111611. 6061.
01111111 0161. 81111111111111616. 6660. 11. 11111. 11.
1111111111 0636. 6111.
1111111111 11. Febr. vol. 11, 1. 660. 811111 111111111111111111111111·
1111111 11111. 1116. 11. 11. 111. 111 6666.
1111111, 1. 1111111. 8.11111111116111111111111116111.
111111111, 1. 1111111111 1111111111. Nem 6111111111. 0111101611
utrum 11 1111111 1111101111, 11 1111111111111116167.
111111111111 1111111, 6117. 8. 11111111 111111 6660.
1111111 (11111111) 1111111 0616. 8. 11111111111 11111 11 1111 (1) 1611.
11111111 1111110616. 8. 1111 6660. “
1111111011 (111111.) 0666. 8. 8111 111111111116360.
1. 111 1111116111. 8. 0111111111.
1111111111 701. ’1111161611 0100. 0606. 0606. 0666.
1110111111 6111. 1116. 11111. 11. 11111. 6060.
1111111111 11111111110070. 6061. Τ. 1111111 D. 11. 1. 0600.
1111111111 6111. 1116. 11111. 11. 111. 111111111111116111 (111) 0366.
11111111 11111111 11111. 1116. 11111. ’1111111111111111110607116066.
111111. 11. 8111. 111111. 6116. Τ111111111111111110606.
1111111111 11 1111111111 6110. Τ. 1111111 0600.
1111111111 167011. Τ. 11111 111111, 1111111, 1111116701.
011111 111 1111111111116.01111.11. Τ. 111111 11111111 1111110660.
“ 11111. Τ. 111111110661.
011111 1111111 11111111 1611. 11.]111. Τ. 1111111 11111 (11111111 0666.
0111111111111. 1111111 111. 11, 1. 660. 1111111111 1111111 11111 11110663.
11111. 1116. 11. Turn. 011. T. 111161111111111000.
0111111111 11111. 1116. 6111. 11. 1111. Τ. 111111111111111 1600.
Regifugium 1111. 1116. m. 11111. Τ. 1111110111111 1111111 6011.
11111111 8111111 111111111 1606. Τ. 11111 1111111111 0130. 0061.
111111 01111111 610. 0666. 6010.
1111111111 11111. 1116. 11. 11. 111. Τ111161111 11111111111111111111111
11111111 6110. 1111111 06601 11. 1111111111 1111-
61111 1111111111 1106. 111111. 1. 11111111.
8. 11111111110176. 1111111161 11. 1116. 11111111 111. 11,
6. 611111110160. ι 1. 660. 11. 1111111. 6703. 1076.
8. 111111 11111111 1111111 616. 6676. Τ111111111111 11111. 1116. 11. 8111. 011.
6. 6111111 0667. 11111. 01111. 11. 11111.
8. 6111111110163. 6006. 0111111111111111111111 0606. 6031.
81111111111111111111111. 0111. 11. 111. 01111111 6110.
8111011111 1111101111 0666. 01111111 111111111111 1136.
snorum 011111. 11111· 1111111381. 1111111 11. 11. m. 111. 11111. 11111111.
6. 111111, 11. 11111111. 11, 1. 660. 11111. 111. 11. Aug.
6. 1111111111111, 11. 11111 111. 11, 01111 111111110660.
· 1. 361. 0111111110600. ,

’ 6. 11111111. 11. 11111 111. 0111111111 11. 111. 111. 11, 1. 661. 766.
8. 1111611111136. 01111111111 11111. 1116. 0111. 1111111.
8. 111111 11111111 111. 11111. 11. 111.

8. 1111111111. 0111 6110.
8. 11611111. 011. 111. 11, 1. 681. 0. 11111, 1111111111 111 111111
8111111111 11. 11111. 111. 11, 1. 660. 0111111111 017.

 

