1

08 - V. IMPERATORES ΕΤ 1118081100οΜ amu.

011101. 10010101. 100. 708.
0110 10100. 830. 837.
Matidia 010111 11010111 11 111101111
101010.
011111. 8100. .
0111 01. Aug. 0400.
(Filias 1011 Mutuum 11 Sabinam 0. 0011
Hadrianum.)
010111 Hadrianus 00101 11110101 804.
“ 1110. 001101 Traianus 1100110100110.
3388. 3488. 0310. 0080.
0. 0. 0077.
10001101 olympus 00101101 00101110

1110. 010111 1110111101 Aug. 8858.
3010. 3800 = 0011. 0800.

1110. 111111011110111101100. 3318.

1110. Hadrianus 100. 35713817.

0. 0. 704. 817.

81οΞ1ιὲ1110101 1110. 1110111111 Aug.

Ι 1110111111100. 815.

0110000111011111110101 11. 100. 133.
134. 3808.

11. 1110011101080. 3808.

01101 11. 511. 804. 1104. 8700. 3130.

11110. 0101110111 1111111 81111101 1.
0111 1111110 11001 11. 111-1.. 001111.
max· 1110. 001...101.111. 0. 0.
10001101 1100011101 (0011 11110)

0111 Nema 001101 1000101111111111
81110111 111. 1111-1-111 11. -1-110. 0111.
33181. 1110. 001. 11. 101. 111 (ι’. 110)

10.

1110. 0101. 0111 1111111 01111111 1.
0111011110 0. 11111101 11. 100.
0011. 1111. 1110. 001, ’11. 101. 111.
1111011111111 (0. 110) 807. .,

0001. max. 1110. 001. in. 001. 111
(111οΙ80) 800.- ἡ

058151ὓ 1110. 001. 17. 001. 111 (1. 180)

0. 01. 1110. 001. V. 001111010001.
(1. 181) 811. ,-

0. 01. 1110. 001. V. 101. 111. 00111101
maximusque 0111-,1001111303748
0. 01. 1110. 001. vll. 001. 111 (1. 183)
3004. 0000.

011. 1110. 0011111 101. ΙΤΙ. 010001.
(1. 184) 5405.

0. 10. 1110. 0011Ῑ. 101. ῙῙῙ (1. 180)

3703. 3805. 4000. 5480. 0801. 8483. 0103

008. 0501. 0000. 7110. 7170,
40010011 01111011110101110001·
10101000 10 01110111111.

0110111. 010111110. 818.

1110. 0101. 0111 1111111 811101111.
0111 Nervae 1. 111101011110111101
100. 0410.

(00 1111010 tribunicia 001011011 110-
ariana· 0. 00 5400.)

1110. 0111. 0111 Nervae 00001 1111101
010101 01110101 01. 11111111 111-
0111101 Aug. 0011. 1111. 111011.
001. 101, 11. 0. 0. (0. 118) 0330

1110. 0101. 0111 1101110 1111101 1.

1101111 00001 11. 11111001 Aug. ’

0101001 1111111101 0101111001 11111-
1011 Germanicus-maxima 0011.
max. 1110. 001. 11. 101. 11. 0. 0.
(1. 118) 80010.

1110. 0101. 01111111101 11001011. 0.
011110 1. 11111101 1110111101100.
0. 11. 1110. 001. 11. 101. 11 (1. 118)

1110. 0001. 0111 1111111 0111111111.
0111 011110 1. 1110111101110. 0001.
max. 1110. 001. 001. 111. 0· 0· (11101
00 0. 110) 514. ,

1110. 010111 Traia-aua 11100. 010.

0. 11. 1110. 001. sl. 001. Ῑῆ (1. 187)
1858. 5458.

1110. 0101. 01111111111110. 101. VT.
1. 0111 1101110001. 111. 1110. 001. ΙῙ
1000111111101 11. 100. 0011. max.

au. 011. 111. μ. p. 0111100111)
8700 = 8300.

1110. 0101. 0111 1111111 0111111011.
0111 1101110 1111110οι 11. Aug.
00111. max. 1110. 001. 1111011...
111. 0. 0. (1. 1800) 08871.

p. 11. 1110. 001. 1111101. ΙῙῙ. 0. 0.
(1. 138) 818. ...·..

0. 11. 1110. 001. 11111. 1110. ff 101.
111. 0. 0. (1.134) 0457.

001.. 1110. 001. ffi. 1110. ῙΙῘ 001.
,1113101110 0. 00111101 01100001(1. 105)

0. 11. 1110. 00111. 1110. ΓΙ. 101. Iff
0. 0. (1. 130) 011813. 8880. 80031
01. 4084. .-

Qua. 1110. 001. 11111001. ἸῙΙΪ 1110.
11 (1. 187) 8143-80-7.

0.-11. 1110. 001. ml· 111οἰ ῙΙ. 001.
111. 0. 0. (1.138) 0400.

11111111 1104.

1110. 001. 001. 111. 0. 0. (iada 00 amuco 00111110 10101 1100. 0111. 111·

0. 110) 348. 737. 3314. 4038.

1111 111011111 101. 0. 0. 881.

0180110101 10001101 001. ῙΠ. 0. 0. 0110Ὗᾴ1101ῗο 0101. 1111111 1111111111

 

