IX. RES mmmmm.

1111111111 0771 .

111. Montanorum 1077. 5055.
Mediolani 1100.

111111ιί111 7170.

1111111111 330.

31101111158. 1111. 1330. 5131.

1111111111111 0111111111-

11111111 111111117151.
111 provincia 1111011111· 3117.
1111111111 1113. 1151. 1111111111
ornamentum· 3751. 7000.

’ Panormi 1310.
1111111 1075 (ornamentis 1111-

111111. bonon).

1111111111 1111115301.

1111111111 1107.1103.1331.1531.
1017. 3113. 1001 up.

· 11111111 1111.

111111 1353.

1111 1111· 1111.

111111 111111 3133.

“ 31111111 3310.

81111111 111.

Salonas 0115.

8111111 3001.

, 1111117115.
111. 111111111111117151.

eol. 111111 1111111111111111111-
1111111 11111. 1111111111111-

01111111 3010.
ammom m·
0111111130.

Comi 5000.

111. 1011111110 130.
11111 33.

1111111111 0015.
11113100.

Foro 111111 111111 5131.
1111311111ιο ma.

. (1111111100.

111111 Pomp. 1171.

1111111151. 5131. 7007.

1111111111 11111ιί11110, 111 11111-
111111 1111111111111 1111111
11111 101.

1111111111 3331. 1000.

Mevaniam 7171.

Narbone 5131.

Naronae 1015,

1110111111 303.

111111113350.

11111111 3101.

011111 3130.

Tarracone 1111. 3017.

11111111 0011.

11111011 3115.

Veronae-1217.

1. 111. 1113. 3003.

111111110101111111113117. vulgara 111· (1111. 171111) cruam

11111111 3311.

111113755.

1101111 1550. 1317 tp.

Tiferni 1375.

11151111 3111.

111111111151.

1111111 5111.

17111111· 003.

11111111311.

Veronae 1007 (0). 1557. 1771.
1371. 1103. 1011.

1. 111. 1133. 1173. 1111.1 1311.
5700. 5000

11111110, 111111 1111111111 1111111 3130.
1111111101 11111111 3131.

Comi 1511.
3111111 5103.

’ 1111137110.
11111. 111 11111 primos 1111111111
1111111111111111111101 111111 111

1111111111 1130.

311111 11 111111 Augustalis 11111111
1111. 3331.

11111111 1301.

Augustam 11111111 1111111111. Sem* 1111111111 prunus 11111 sm- Ἰ
111111111111111111113111111113150. 'm‘ 'mm ³95¹·
31111 August. 1111. 111. 111111 111111 ΜΝ*11111111110111111111011110111
2³59„ss f„ mmo ³920. decreto 1111117111.
11 gnum„ 50:055st ³010: Vlvlr 1111111111 11 1111111111 0111111111
11 Mutuo ³922 11. 11111111 11 1111111111 3111.
ΜΗ, ⁸ 11111 1111111 11111111113010.
munte. 11111111. 3131 ψ. cmm? ³⁹⁴⁷·
,111111 1. 11111111 110. , 11111 P⁰¹²¹P0 3911· 3115.
Amant 1111. mm* ¹52³·
σοι, 111141 Apta, 200⁸ 3111111111111111111111000, 7113,
1111111111. 11111111. 1111. mmmm ³⁹³¹·
7003. 11 1111111111 1111111111 3113.
11111111 1111. 01113111.
1111111103. 11111. 1111111 1111111 decurionum
1111111111111111 1737Ι 11111 Pomp. 3011,
1111111111 7011. 11 Augustam 1111111111· 1115.

 

