VIII. niis MILITARIS. 145

4.11 imp. Vetpxeieno 144. 11 T.
8144144144. 1. 4444411 4444111, 441-
1141, 144414, 114114 puris 111, 44411-
111 11 113.

44411 mitti. 4441144114 11111441444.
41 imp. 11444111144144. Germ. 4115.

(1.111444. 144. (Domitiano) mitit.
donis 444441 4111141 41 4444111, 44411·
11414444141411, 114114 44414 11 1541

4. 11 imp. Ceee. Ι1444111144144. 14114
1114144 4444411111114444111, 4111141,
41114141, 14441, 114111 44411 1111,
44411114 1111 5141.

4. 4. 11 imp. Nem Ceexere 144.
Germ. 14114 8441144 4444414441,
114411 4441, 444111. 5481.

4. 44414 miiit- 14114 8441144 41814-
4411144 444441 4444111, 444444 441·
1141, 111114 44414 444141 (414), 44411·
114 144441414 444144 (4 Domitiano)

11114111 44414 viii. 44411114 Viti,
noronte 4444411144 11, 411144114411,
41114141411, 1441114 11 (e 1441444
144.) 5418.

4. 4. mitit. 11 imp. 1441144144.
Germ. 5451.

144 4. d. 11 imp. 1411144 torquinus. 14-
441114, 41114414, 44444141111414851.

4. d. 11 imp. ’1411144 144. Germ.
411411444111414444 1444441144, 14-
4411114, 41114414. 444444 4111141, 41
1 441441144 44144141144 eisdem 44414
d. 41 betium 8441144444 41814441-
1144444111.

d. d. 11 imp. 1411144144. 14114 111-
4144 444441 monii, 4111141, 144111
44414, 4441114144441. 1510.

114 4441144 expeditione 1114141 (411144
Troiano) 44414 441111. 4444441411·
1141, 4444411, 14441, 114114 44414111,
44411111 111 5154.

d. 141141114144 4444414 4444411 41411-
1141 41144. 4441114 44111.

d. 4. 11 imp. 1441144144441144, 14-
4411114, 41114411 41 1411444111414444

4444441141, 1444411114, 41414414,
444441 414111 141141144144 1151.

iter. d. 4. 1444411. emittit, phetonte,
444444 4411. 14114 [1141441154.

d· 4. 11 imp. 1411144144441144, 14·
4411111, 41114414, 41141144114111-
4444 841.

d. 4. 44444111444 11411144 4 11144

1441144144114444, 4441114, 444441.

144111 5154.

4. 4. 111144 ’1441144 1411414411144 1144441144, 4. 1444, 4411. 441. 41 414.

444441 4444111, 1444411.,144411114,
41114414 4111.

(1411141. 1441441411. 144114. Vei. 111.

4. 4. 11 11144 1411114144. 144441-
141, 14441111, 4111441114114114-
11144 41 11 imp. Cxeeere 1411144

111441144144. 11411 4441 41444441 ⁸

444414488.

d. d. 41 imp. 11144444 44444114441,
1444441141, 1444411114, 4111441141141-
ium 1441144144 814.

44 441441114 imp. 111441141144. 144-
4441141 41 14411111144411 44441414
14414414 144441144 4511.

d. 4441114 mii. 1 11144 1114411444 14
expeditione 1441141 54811.

d. 114114441,44444114441 expe·
ditione 1441144 (11444144114540.
4. 4. mitit. 1 11144 111141144 41 14-

4114144 expeditionem 4541.

d. 4. mitit. xiiiio 1114414441141.
ium 14411444 14111 4441 4144411-
14 4114. ·

(1.4. mitit. 41 imp. 11144 Antonino
144. Pio 5488.

4. 4. mitit. 1411414444114441114·
1114411 imp. Antonino 144. 411
11144 1444144. 4184.

4. 4. 4411141414 14444114441114-
1114411144. 14144144 1144. 411
11144 Vero ,144. 444441 mureti,
item 4111141, item 41141141, item
14441, 114114 444111111, item 44411·
114 1111 5118. 5411.

4. 41 4141441144 (1444441414 41814-
matteumAxionixietcommoditugg,

444441 4444114, 4111141,14444, 114114 .

44411 1111, totidemque 44411114 4141-
4144111144 doio.

d. 4. mitit. 11 imp. commodo 14-
144144 144111121112. 4111.

4. 4. mii. 14114114114411444441144144
(8444411 5541.

d. d. 41 impp. 844444 41 14144144
144411444444,444441144414151.

4. 4. 41 imp. Antonino 1444141411
44411415.

4. 411141 414., item 1141. pue.. 11444
444. 414. 41111414 1444. 44414411.
444411. ornem. 44141. 44 8. G. do·
44141 154144.

114144414144 4811.
11444414144 toto. 1181. 4111. dm.
4141. 4111. 141114.

444444444444454444. ⁰· '⁶⁰⁹’
4441141444 4514. ‘zaga'
ltux ,14441 merique 14444441 44141144
1441141 444411 11444141 14111441411
411441441, item 1411411), 114444 11441-
41411) 7983 es· 4444411141.

em. 1444411 411144.
exn. 144. 4411414118.

k

 

