71 1. 5155151551 5515155515151115111.

1. Mamaea 551. 511111551511111·
151 1111111. 555.
1111515111 551. mater 1151511151

leun. 0111. 511111 5111155115111. 5058

11 1111111515 senatusque 5750.
111111. 0511. 51. 5111. severus Alexander
5111. 5555.
15111. 0111. 51. 551. 511. 5111. 555.
11511. 51. - Alexander 5105. ,
¹ 15111. 0111. 51. - 1111115511 5151 5.
5. 551. 555.
15111. 0111. 51. -· Alexander Plus 51111
¹ Ι5111. 1555. 5518. 5553.

51. - Alexander 551. 1555.

55. - 511115511580.

5. 5151111511511151. 551. 511115511
551. 5505.

11511. 8111151 Alexander 5151 51111
Aug. 5555. 5755.

11511. 8111151 Alexander 551. 0555.

11511. 5. 5. 81111111 Alexander 1177.

11511. 5111111511 551. 5550.

51151 Alexander 1105.

51. 55111151 Alexander 515. 011111

’ 1511111511115515. 0055.

nen. 0111115058.

15111. 0111. 5111 811111 5115111111 5111
55115151 511151 511 5115151. 551.
8111151 Alexander 515151111 551.
pent. 1511. 1115. 1111. 151. 11. 11.
(1. 555) 557. 5785.

511. 11151111. 11. (1. 11111111.
‘'gigo‘' V. 111. ll. ρ. 11. 11555)

rme. 0111. 51. 551.Ι 5111151511115-
der 5111151111 5111. pena. 5111. 1115.
1111. Vll-lm—n. 11. 5511) 558.

1115. [11151111. 111111. 11. 11. 1111-
111 (1. 530) 555.

15111. 0111, 5111 55115151511151511

51., 5111 511111 511 51111151. -

551. gont. 1511. 1115. 1111. 'an

ena. lll. 11· l· 11. 530) 5550.
15111. 0111. 5111. 511. 551. nona. max.
11. 11. 111. 11. 858.”
15111111 1105.
51 1115151551 Alexandr! 1511111 11.
01515115 Herenne'n 5151111115 Berlin
Oeliden 551. 115151 5. 1. 511.
51115511 ’5001 11. 5518.
111111.Ι Gaea. 0. leelina 511111 5551151511
Au .:
0. 1555151151 111. 551. 111. 11. 151-
1111155511151111 11. 0111111555).
11511. 0111. 0. 1511515115151111151-
11515151 51111551. 5555.
5151 51111 15111151 551. 1555.
15111. 111151511111515515111. 5585.

larn- caea. 0. 11111111 verne 1111111-
551 5111 51111 551. pena. max. 11111.
1111. 511. 1111111 (1. 555) 5055.

1115. nea. 51111111. 5511111115.
11. 11. (1. 5501555.

1151.111150111515115115111511111115.
1111. 511. 111. n. 11. 1115111111111
(a. 55515555.

01115. 1511. Sarmat. aaax. 5111151
5111151511. 1115. 1111. 11515111.

V. (1. 5571 5055. 55551 155551.
5111151 5111. (jetur. 11111. Parthie.

w 11. pol. 111. 15111. 11. (1.5571

01115. max. 5111511. 5111. Dae—leeg
1511Ε151. 5111. 1115. 1111. 1111.
15111. vl 1155815515.

1115. 1151. 111. 15111. 1111. 11. p. 151.
nenena (a. 5581505.
01. 5151155111 01111.
0. 11111111 Verere 5151111111 nel. 0511.
0. 111151 5115151111151551 (ele) 0111.
515. 5555.
5111111151 0155151151 515. 0111.
Germ. 1111511111 15115151115058.
5111111151 515. 0111. 111151111115115·
15111 15111. 0111. 0. 111111 5111 51111·
111151 511 5111111 Ans. 0115115111 1.
5111111151 515. 0111. 51. 551. 5. 111.

555. 0111. 11151111 151151. 01115.
xnax. 5115111. 5111. 5111151 5111.
5055. 5515. 5555. 5555.
515 0111. Germ. 511551111. 1511.
5115115111. princepe. 151151. 0111111
5. 5. 11511. 0. 15111 Verl 5111115151
5. 5. 5111. 555.
5115111151 01551111 Pupienus [1511551551.
55”7; nl. 5557.
11111. 0511. 51..1111111“11101151111111 nene
51115 Any. 55. 575. 5171. 5058;
11. 071.
11511. 51. - 5. 515111151551. 575.
5. 5. 51. - 5151511. 551. 5171.
11511. 5. 5. 0515115515111. 55. 5558.
l). n. 0115115515551. 5781.
51151 0. 1105.
11511. 0111. 51. -”- 5151 51111 551.
nont. 5111. 11. 11. 111. 1511. (1.5881

p. 51. 1115. 11111. 111. 1511. (a.
555) 570. 5558.

11. 111. 111. 111 (1. 550) 507.

pona. 1511. 1115. 111. ῙῙῙ. 15111-15
511. 111. pronon. 5111 01151151

 

