IX. RES amemus,

’ 01111111 3050. 3057.
3111111· 0000.
7111111 1111111111 1111111111 71111111
1111. 3003.

111101 1. 1.1. 1. 1. (1011111111, 11·
1111 1110011111111111111) 01111111
3700. 0071. 713ος 111111 11111111
1111111. 1. 1. 1. 1. 1. 1. (1111111
1111 111.) 7137. 7130. 111 111111 1.

· 1.1.1. 1701117050.

111011 1111 11111111 3301.

11101111 111111111 11111111 0057.

11100111 01111 (11110 111 1110111111
1111111 11 1111111 7111110111111
111111111001111101111111111111111-
1117100.

1111101 1111111111011. 1. 11 1110111
mnan· 111 11111111 3070.

111011 1111111 11111111 3030. 3070.
111111111113070. 3070.

1101111 11111. 11111111 3070. 0000.
0111111111 3013.

1111011 1111111 01111 3787.

1110111111 11111111111111111117130.
1111111111 3131. 7110.

1111 111111111111. 1111111 011113707.
11111111 111 111111111011111111 3003·
111101 511111 111111110111111111111-

111 11111111111 1111111111 0050.
1111101 1111111101 11111111 1100; of.

1111111111 1111111111.
11110111111111011111 0005. 1.1. 7011·

1. 1. 1011111111101101. 3300.

1111111 11111111111111111111 1111110111
1111111111 1. 111111 1111111 11111.
1111. 1111. 11 1111111111. Vost- 111.
1. 1111111111 1111111101.

01011110 111. 111111. 1100.

01111111 0001.

0111111· 3701.

1111117115.

(50111111 11111.) 307011.
011111 0100.

111111 111. ³9⁸³.

(211111 11111 1011111111) 0510.
11111111 3707.

0111111111 11101111 7111111111 3001.

11110110 11111111 1111111 0111111111-
1110 011111111010.

11110111 111111 3005.

1111111101 111111 0033. 0000 111.

11101111 11111111111 11 1011011011
1111111111 1111111111 7133.

-un-

111111111111 11 1111111111 111111 11111111
1111111111 1111111111 1111111111 111·
1111110011 1111111111.Ι 11. 1155.
3017. 3371. 3875. 3870. 3077.
1010. 0170. 0770. 0030. 7051.

150

7050. 7000. 7000. 7070. 7071.
7103; 1. 1111111111011111111111
1111111111οω [1111101111.

Q*—

0111111111
111011 3007.
1111111111 3000.
0111110111 7000.
0111111111 110.
11111. 1111111. 111. 7001.
1101111111 0011.
11111111 1111111 0001.
11110111 1030.
11 1111 0111111 3070.
Ρ1111117070.
Pomm· 3000.
1111111111 1111111101 3700

1111111111 1111 11111111
1011111 0007.
111111. 3071.
11101111 1011.
1111111 00. 3703. 7017.
311111113010.
0111011 0007. 3010.
111111117101.
1111111111 1101.
0111101 011111 71170111.
0111111110.
01111111 0150. 0510.
111111110150. 0000.
3111111111 7101·
01111 0515.
3111111 1111· 3700.
11111111 100011.
11111111· 3000.
71111111 3037.
71111111 100.
valeia· 0301.
7111111 0108. 7110.
venusiae 307011.
1111111101. 1010.

11111. 1. 1. 111 11111111111111111111
011011 00013010.

11111181.1 1. 11110111111111111011111

01 111111 1111110111111 1111 1111111
ct. 1111111011 013 (1111111 11 1111
111111111111 1. 1. 7101.

11111. Ι. 1. 111. 1. 1111 01111111
1111111120οῚος 11. 01111111 1111

1111111111 111 11111 1111111111 1007.
7111111111 311.

11111111 1003.
1111111111 111 0111111111 1111111111
1. 1. 11 111 1111 1111111111 7101.

1111111111 1 11111011 1111011111

 

