,5. amomum.

hmbm 5. 5111. · 5111111111 5111. Μ
1111111511 1111111 5110. 11. 11111111115511.
Prusa 15 olympum m· 51151111 5105.
0111111111 01111111115011. audin! 101. 0555.
Puteoli 1115. 1151.5511.1110.1151. 1111115110. , -
5515. 5551. 511111111111,51111111111111111111510.
1111111111 11111111. 5500. 5501, 5010. κ
5515. 5510. 5111115101011.
1111111 1111111111 5115. 111111111111111115111115110. .
111. 1111111111 1100. 1111111511111511111 5511.
111. Puteolanorum 1501. 5015. 511111 1111. 11. 11. 111.
111 p. 11111111111111000. 0111111505. 550 5500.
1111111111 150. 515. 1110. 1501. 1511. (51511 111111 5150.
1110. 055511111011. 15151101. 111 01111 Faunis 1505.
1111111111 5110. 0111111111 11111 5551.
1111111111 5015. 0111111111 100. 110. 5505. 5115. tm
0111111111 505. 5501. 5555.Ι
01151111 5110. 011111115110.
0111111111 (1) 5155. 011111111 5110.
11111111 111105. 100. 5555. 01111111 5100.
11111 (111111) 111.· 105. 10111. 111. 0111111111 5110.
515. 500. 155. 0550. 0510. 1000. 01111111111 1150. 1115.
5115. 5110. 5150. 5111. 5015. 1110111111 1151. 5001. 1510. 1110.
5001. 5010 (1). 5100. 50101111.
5. 11151511 111111 11111111 5050. 0111111111 15011.
51111 11111511 100. 0111111111 5155.
5111111111 5110. 0111111105.
51111 5110. 011. (011111111111) 1055.
51111 5151. 0111111111 100.ί
11111111 5111. 0151110111 1111111111 1110·
1111111115.1111111111111111115150. 011111111 5101.
11111111 0110. 0101. 5111511111 11111 101.
mun. 1111111. 0101. 511111,5111111501 1151 .* 1005. 5151.
5111111111 10. 1150. 5115. 1155.
11111111111115510. 111. 0111111111 501. 1001
11111111 5005. 5100. 111. 1111111 11111 0. 1110.
5111111 101. 500. 0111111111.111111.511111115500.1111.
51111 5555. 5101. 5050. 011111115110.
5151111 51111 v. 11151111. 0151111111, 111111 5110.
5111111111 5051. 011111 1111111111 5001.
11111111 5005. 011111 11115111111 5015.
11. lunum 5151. 011101111111 5551.
511111 111111111 5005. 5100. 1011. 511111111 1111111010.
51111111 15011. 5111115101 5105.
legium 1111511 5055. 5110. 01111111 550. 5001. 5005.
5111111015. 51111111 500. 51511. 5111. 5011.
1111111 111111 1115111110511. 01111111 1501.
1. 511111. 11151111. 5111. 5111151101.
1111111150. 1011. 51111111 1111.
11111111 5001. 01151111 101. 5101.
551111 5. 150. 0115111111 gom 5511.
51111111 1001. 5115111111. 15511. 1011. 1101. 5100.
511511111010. 1115. 5150. 5055. 5101. 5111. 5100. 5115. 5110. 5555.
5111111111, 51111111 150. 005. 5551. 5150. 0151. 0110.
1111111, 111. 1111111015. · 511511511. 5505. 5511. 5511. 5511.

5151111111 1111111111 501. 51151 1. 01111111 5150.
5151111. 5111111111 150.
5111111111 5110. 5055. summanus· (1111511115111)51111.
51111111 mun 5551. 1115111 5001 11. 0111111151.
5111111, 11111 - 1115. 1111111 0. 1551. 5551. 1111.
51111111, 11111 - 1111. 111. 0. metropolus 5150. 5051.

(1111111111111111. utin. vol. 111. h

 

