IV. Rus SACRAE. 55

81111111 5091. Sacrorum (1101111) Foru Popilii 9309.
81111 Tiburi 9919. 9701. 3509 = 1959. Foro 10111 9319.
3933 = 0199. 7119. 111011 0097.
8. 0111. 0. 0. Ticini? 0100111 9950. 1101001 9310. 9311. 0030.
S. 0111101 Lauinii 9970. S. 0011111011011 1110001 9311.
811011019917. , ,
1. rior· 1111111111. β· Aurium
01011111811101001111010010100917. 011 0111111111
810110111111001110110101010109910.’ Princeps sacerdotium 01110. 1101001
8111011101 Virtuti· 1599. 1919.
8111010111011 1110111111. Victoriae? iuppiter 01111110011
.· 81111001 1101 00110111 1999.
811111010101001 9303. 10001111 0001110011
81111 111111 111101οΙ1 Mevaniae 3998. 81111001 Carnunti 1950-
3999. 001101 1983- 1915. 0753,
Ι81101111 sacrorum Tusculanorum 9193 8.0011101010100100010100100110011,
= 3905. 110 01111011 00 101. 1. Flauium
8. Luruur 118111111 Romae 1588. 0000001001οω 5098.
01. 10111011. 81111101 1101001 0753.
sortilegus 10110111 9000011111 Prac- 10001111011100011110011
01111 9303. 81111001 010101 1719.
8. 10 1111111 Erycina 9301.’ Sacrorum? 1719.
8011111101. rc. 111110015973. 10001111810111011
10011111 Ariciae 1157.“ 1111111110111011 8101111 1101101 cuir.

Virgo 110111 11111111 3701. 811110011111010118111010101 801101 ·

V. V. 11111011 111111101011 991010. 2³57·

Virgo Vestalis Tiburtium 9939. 801 1110100011

(cs. 10111010.) sacerdos 80111111110111 0011019101.

S. 011 1011111 80111 1111110111 71111.

1. 8011100110 0111101100. 01010110. δ’ὅέἳῗσωὲὲὲῗι §⁰¹¹⁸ mmm ‘M'
“· 19900· 1111111013311110...
11001111 [11010011 9307. 10111111 8111101 9150.

011101 0099, 1111111111οΙ 001111111111111 licum
811110010001111011 11011101 5971. 1011010011. 0037,

1111111001 10 1111811101110110111011· 1100111101 1110001011 2325·

10111 11001111 aomar, 9310. 100111101 religionis 11. 0. 011. 01-
111111 Pompeiis 0098. 1111111, prope Manilium 1990.

1111101 10101 1011 (011101) 0099. 11101011101(70011100)9391.

111101 Romae 9801. 1101101001.131100000193950031.
0111001011010111010. 1. 0111111 licum Muguuc 10111
1110111101 111011 reipublicae (3) 11111- Romae 9390.

111111 58351 ci. 1001010. Arrii 000011 11001101 000101 9390.
0101111 111011 Romae 9300. 1101 00011101 000011 0011111001·
811111101 111011 Romae 1878. 9935. 1111011 1101001 9353.

‘i Foro Popiiii 9309. consacerdos (1111101111. 0. 11. 0101-

S. 111011 01110111 0111015909. urnii 9330.

8. 11101111 0111111 deum 00111111 0000. 001101011111 0111101 9150.

8. 0100111011 0111111011 11 811101011 1100101 9119.

Acerrae 3710. C. 1010 1110000 0101011111 9398.
81111001 (irmina) 0111 111011 000111 0000111001010110011119010909.

9355. 0385. 1110111111 0111111 1110011 Corfinii 1903.

8. 111011 111011111000101 919110. 1110110101 1 011111 111001 1101111101
81111001 1101111 11111011 (1110111) 10· Romae? 1001111011 9338. -11, 01

01110 1011111111111011111101 011101 81011010 9339.

0099. 1111010101 Larini 0031.

Sacrorum (111) 00010119. Puteolis 0035.

1110119308. licuntur 1011111001011010001101110· “

8. 10 110111 Mutinae 9315· 00110001 1100101 9359. - - 1111111
s. Rumuuicusluur 1110119308. 0111011001001100. 0011.

 

