118

⁴ 1111111111111 1111101111 11011111011101
3111111101101311. 10111111111
Aug. Xxll. 1111111. 0100.
111. 01111110111111011 08331.
111. 003. 1. 011. 3010.
,111 01111111 3111101111 030.
eq. 3113111111111110708.
1111011111
111. 101. 1111. 3010.
‚ 101. vn. 1131. 0370
111. IX. 1111111. 3000310011.
108. XVI· 5657·
1011011 11111111111111 7330.

&G

01. 11011101111 0038.
Aug. Alexandrina (1) 0801.

01. 3111111111801. 3001. 3003.
’ 01. 0111111101 3000.

rur. 01111. 1. 1. 0000. 3001340001

01. 311111 300011.

·, 01. Misenensis r. 111111111111 3003.
3313. 30033 3030. 0073. ’
01. 1110 11131111113003.
1110111113111. 3501. 3000. 0000. 3011.
3010. 3017. 3013. 3000. 0000. 3031.
30303038. 30301100. 0873. 0873.
0371. 0370. 0800. 03000038. 0003.
3110. 1111111101 0700.
111110111311111111111 1111110010371.
31Ιέ. 111 1111111 00101111 0700 =
01. 1101111011 111111.

01. 310111010001. 3003. 0303.
01. 0111011οι 3001.
311111 1111101101 0800.
01. 31111111 1330. 3031.’ 3030. 0800.

1163311ιί.1011111111111111111.
301011. 3010. 303311. 3037. 3880.

· 11111. 11111111111 1111. 3071. 3008.
11111. 0101111 1111111111 31101111
0031. 0030.
rs. 111011.

01. 3111101 3001. 0031.

7011111110 0111111 11 ..... 0003.

111. 1101111111. ,

0 111110111110100.

01101101 08331.

11101. 030.
1111011 0700.

1113. 000οε1003.

1 11110.
11111. 0801. 0018.

11101. 001. 3001.
111111103113003. -

11111. 0007.
11 trierarcho 3000.
11111. 300011.
11111. 3300. 3000. 3013. 0708.
10311111. 30111100.
,1101110111 0070.
11111011111 11111111101110871. 0873.
11111110311 3003. 3000. 3010. 3033.’
0010. 0873. 0071.
1111101110 3033* 3031. 0071. 0871.
1. 11031113111113831.
1011111 ordo trierarchi· 11 111110311
1001111 0871.
00111110 3017. 3018. 0807.
11110111 30331 3870.
1111110111 0011111011111 11110111113111
0011111 0071.
11011111οι11 0000.
ef. 1101111111 01111001111101111.
11111. 3001. 3000.
11111. 3001.
111111το3. 0000.

11101. 3100. 0031. 0800.

11311111. 1330. 3333. 3011. 3883. rm.
11111. 11111. 0111. 303311.
11101110311 301011.

111110111 1011.

11110111 iba.

01111110 3010.

11111. 0001.
1111110311 0001.

1111111111 0033.

 

