111

1611111111 6616*

1111111111 7616.

1111111111111 116.

Summanum 1161111111111111111111111111
1116111 utrium-tingunt 1161111111·
611111 5607.

11111111, 1. 11111111.

1111611111 6586. ,

11111111111111111111 1666.

11111111 6530. 6166.

111111111 6665.

111111111 6786. 6661. 6666. 6665. 6305.

11111111 5666.

11111116 6166.

11111111 111111111116666.

¹ 11111111 6066.

1. 1111111111111 61 111111111111111111
61111 7616.

1111111111 111111111111 61 11111111
1111111617. 6760.

1. 6111111 111 6166.

1. 611111116785.

1111116766.
“ 1111111111 1111. 1111. 6566111 1. 111
11111.

1. 111111111 11111111656711.
111111111. 1111111111.

1111111111111 111111611111116150.
11111111 6161.

1111111 686.

1111111111 6366.

61111111111111 6156.

6111111111 6156.

1 111111111116665·

1 bibliothecis 6666.

11 1111111 11111111 1111111.
6116111111, 11111111116156.

611111 11111111 6666.
611111116606.

611111111 6111111111 6156.
61111111 1616· 6166.

1. 6111111 1116156.
11111111111111611 1111111) 6666.
6111111111111 6306.
6111111111111 1111111111 111111 nonfuit
611611111111111 6157.
611111 1111111611 tots?
611111111111 6156.
61111111116636. 3766111. 11111111.
6111111111 7666.

11111111111 611111111111 5666.

11. 111111111111111111111. ’

016111111 11 1111111111 n 6111 611·
11161 6666.

6116111111, 1116111111 1. 1161111.

611111 1. copo.

6111161111 616. 6106

6111111111 6663. 6668. 5736. 6687. mn.
61 1111111 11111 111111 tw. ¹

1 1111 centurionum. 111. 1. 6606.

6111111111, n· 61111111.

6111111116606. 6616.

1111. 1111111111 11 1111611111 6673.

61111111111 6166

61111111 6606. 6316. (111.)
6111111111 6166. 5163. 6666.
6111111111 111111 1111111 6676.
6111111161 6611.

61111111 6311.

611111111 11116111116166.
6111111111 = gtnunntnr 6665.
6111111 111111111116111. 1. 6601.
61111111 1111611111) 6571. 6566.
Cotto 7616.

61111666. 6867. 6165. 6166. 6651.

1111 111. 1. 66061 11. 11161111
111Ι 1161111111. Aug. t. W· 8603.

1111. 11111111111. 111. 5006.
16111. 111. 111. 111111111111 6311.
6111111 6767.

11116. 1111111111 6666.

11161 7111111117666.

111111 6666. 7666.

611111111 7665.
6111111111611111 111111 71111111, 111.

1 1111111111. 111111111111111.

11111111, Aug. 1. 6606.
61111111 111 1111111111 1111111 6665.
6111116111 6616. 6165.
6111161111111 6616. 6616.
6116111111111 6666.

1116111111111111 7366.
6116111111111111111111111111111656711.
6111611111 57601 n. 111111 11111111 111·-

11111.
6111111111111111 156.
61111111111111 6167.
611111111111, v. 11111111.
6111111111 1111111 11111111 6166.
11111111 1111111111111 7666.
6111111111, 1111611111 6176.
61116166. 7306. ¹

1111111111 11111111, 6111611111 6666.
6111111111 11111111111 6176.

1 61111111110685. 6308. 6665.

6111116111111, qut 61111111111 11111 11111111111111.

1111111111 6671.
11111 1111111.11111 6666.
61111111111 6606.

· 6111111116166.

6111161611 3761. 6160.

6111111111 6171.
6111111111 111111 111111 111111111
666711.
n. 1116111116111, n. 6111111611.
111 11111111 6666.

 

