xm. 1101111.

A.1².1.AAT· 11111111 11111111· 111. 111111111 0711.
11111110111111111. ΒΒ 11111111111 1400.
Δ.101·1111111101711111111111. 1111111111.
1111111111111111111. Β.1011111111.1111111111 1511.
1.1.111111111111111111111111.1101111111.
A. P 11. 01111 1111 11111111 11111111 11. PF 11111111111 1111111
4171711. ΒΝ11111111111411171111.
10. 111111111171. Β.1.1.11111111111111111111111111
10.111111111111.111.1111.1111.
A. 0. 111 111111111111111111111 111111.111111111111110.
1111. 11111110 idom 1001
AQA. A1.QP 1010 1111111111111111 11111111 1010 1171 1111111111.
BP· 001 111111111111111111111111.
10Ρῖ 711011 1 111111111111 11111111 1111. 1011 111.
PL 101. 0111111. 1111111111 011·
A. 07. 911 1111 111111111111111111711.
AQv 1111111 411· 11.110111101111111 11111 1101
A 1111 1 1111111111 1114. 1111111. 111 111111111111111 111.
AnAvs Annulo 1111. 111111 Blturlgen 1111111 111.
Anum 1111111111 1101. 111 11111111111111111111111111111.
AAc. 1111111, 1. 11111111111111. 1111 11301101. 0111.
1110 1111111111 1111. 1.11 . 1111 11111 1011.
Anca 111111111111 1111. m. 1111 1111111, 1111111 1111111.
111011111111111111111111111. Β.11.1.111710
11.101111111111 1111111111 1111. mmm 4111.
ABG] (1·11 corr. 111 Pu) V· P· 8 ·P 1.11 .P 1111 11111111 11111, 1111111.
mnu 1. V. 1111111 111 111111 ξ,1;.11111ὃ1ῠ1111111111 1111111111 10117.
1111111111 111111
11111111111111100. 1111111,1111111111,1111111
1111111111’1111111111111111111 1111111111 11111111 1111111111. ,
511. Β. n. P chonomorem! ponendum
AB! 0111111111 1111111170. 1111111111711 ’
1111011111,1.11111111111·11111.1 11 1111111111111717.
ARN 11111111 11111 011. 1171111. 1111111111 1111 11111111 1041.
111111. 1111111 1005. 101 Β1111111 auo.
Annum 11111111 11111 1011111. M 1111101111 111111111471 111.
11011111111111111110. 1111 1 1 0751. 0111.
A. S 1 111111 1111. 11111111 11111111111111111111 pue-⁴
1.0.111111111111111. 11111 1111.
1.1.1.011111111Ι111111 1111111011, 1111. 01111111 4171.
A 11 mm 111 11111111 1411. 1111. 1111111 1011.
,111Ιο11 7 170. 1110. 1111111 101.
11111111111011. Bm 11111111 1171.
ATP 1111111111 1101. 11111111111111111111111111117.
110111111111111. 1111. 1015. 1100. 1101111.
Ave 11111111. 1111111. 1111111. 11 1111111111 111111111111471.
Ave Angnmm 1111111. nm. 1111 11111111111111111111111
110110 Annum 1111111111 71. 0711. ·
1100. 11000 1111111111, 1111111- M 1111111111 1111111 1471.
11111. · 111, 111, Am 111111111111 11111111
11011111111111111111111111111.
170. N. 1100 1111 1111111111111,1.11111 1111111111 1111111111 11.
11111111111111111111.1.10
1.1.Α.1.Ρ.111111111111111111 Β1,Β10,110011111111110111
111111 111111 111111111111 7111111011 1111111111 11111111 0041.
110111 1111111111111111. Β.1.1111111,1111.111111111.
1111 111111111115. ν 0 011111111111.
B 1111111 1111. 0 1111111100.
1 1111111111 1181. 1711. 0 11111111111111.
P 1111111111111170. 0 111111111110. 1710111.
11111 (deo) 1111. . , 0111111111114.

 

