’10 V. mfflmoffls ΕΤ ΙΜΡΕΒΑΤΟΠΜ mmm.

110. 0111. 01. 01111111111111011·
1111011117). 11111111 011. 000.
nob. 0111. 111111117111111111,1110.
111. 111. (11111. 1711111111. 0111. 0.
71711117 1). 7117111 011117111111011
Fellcln 011. (1. 050) 5530.
11710111. 11111111 1111111111 111,
01111 1111. 0111. 0. 0711111 Q. ’711-
7111 711111 0110111111 1111111011.
(1. 051) 005. -
mmmmfflmmw
111) 01111 1111. 0111. -017-0111111
011. 11111111. 1117111171. 111
“ 11. Q. 177-(111 1110. 111. 117.
⁴ 111. ΙΙΙ. 011. lv) 111111 1111111 111-
111 (1. 050 111051) 5510.
01111111 7111111011. 7. 01111115500.
0. Valens 7711011111 011111.
“ 0. 711111 771111111111000.
Quintus 117). 0111. 0111101111115530.
0. 011111 771111111111571111110111-
111 1171011101. 1111. 0111. 0711111
Q. ’7111111 0111171111110110111111
011. 1111111111011171. 111.
57ἐ3ἒ11111. 777. 1. 1. 111111 (1. 050)

111). 0111. 11111111 111111111111111.
111. (1171110. 111. 17) 07111 1111.
0111. -011 0111111011. 1111111111.
11111. 111. [111. 77. 01111. 717 (111
Ι1110. 111717. 111. 771. 011. 1177)
1. 1. 111111 (1050111051) 5501.

110. 0111. 1110. 111. 77. 11111111
1111111111, 01111 111. (1. 051) 5530.

Imp. 0111. 0. 715111 111111111011.
111 71111 Felix 011. 000.

1111. mu. 11111111. 111. 77. 1. p.
(1. 0501111.) 001. 5551. ,-

1111 mu· 1111. 111. 1717. 111. 71.

ν 1. 1. 111111 (1. 050) 1000.

7111. 0111.... 7111111011. 5003.

Afinio 01. Ι. 0111111 1015111111 11. Ι. 11111
mu 01111 1.,1. 007.
71110111. 0. Vibius 7111111111 011.·

7111. 0111. -0, 710111 001111 011111
7001111111171111111117011171111
71171111 011. 5071.

7111. 0111. 0. 711111 001111 711-

· 1111111111 (111) 1111111111171711
011. 5501.

7111. 0111. 0. 711111 011111 (1111.
001111) 0117117. V. 001.

Imp. 0111. 0111111111011. 5003.

Imp· 0111. 0. 711111 0101111011111
V. V. 0111701111 011. 1111. mn.

1117). 111. ff. 111(1. 050) 000.

1111. 111. 1110. 111. 7777. 111.11,
1. 1. 111111 (1. 111.-1110.
hap. 01110001110111 mim 011.
Imp. 0111. 70. 0111. 0111110111 0111
0111171111111011. 1111. 1111. 11111.
111. 1. 1. 111111 (1.05015550.
7). 11. 0. 0111101111111. 10073
Imp. 0111. Ρ. 01111111 mmm 011.
Imp. 0111. 7001111111 7111111111 mm
01111011. 3057.
7011101171 71111111 011. 5006.
7111. 0111111111 011. 0710.

1). 1. 7111111111011. 00001 17. 0055.
711111 7111111111 111111 1111. 0111
Felix 011111111111011. 1000.
(11 (1111111511 Valeriani 11 flamm·
1111111100 11111111111111111111 11-
11111 1111, quum 01 110111 111·οι-
111111 1111111111 nondum 11111 1111-

1111.
7111. 0111. Ρ. 71111111 0111111111

7111711111 mun Fessx 011. 111. sl.
111111.- 1111. 7777. 1111. mu. 1111.
111. 717 (1. 050) 5101.

1111. 1111. 11111. 111. Ῑῇ. 111. 11.

111111. (1. 0551) 5000.
1. 1111. 1111.. 1111. Gemmar- 1110.

111. 111. 177. 111111 (1. 055 111
050) 5511.

1. 1111. 1110. 111. ἵ 111. ssl- (1.
050) 500.

7111. 7.(1111117111111111 111. 7777 (1.
057) 0111.

lmp- 0111. Ρ. 71111111 7111111111
0111 01111 011. 1. 11. (iem. uu.

mmffimfflmm
111 (1. 05811000.
Imp. 0111. Ρ. 01111111 1111111111.

7111. 0111. P. Licinius 0111111111 Pius
01111011. 0057. 5503.

71111111 0111 01111011. 1000.

0711111 11 11111111 1111. 0111111111
Pius 01111011. 170.

7111. 0111111111 011. om.
0111111111111 0111111111 011. 1. 1011.
0. 1. 01101111 011. 000ος 17. 0050
0111111111 elementissimus 11111111
0117111111 7111711 011. 1070.

7111. 0111. 1². 71111111 01111111 (111-
1111110711 01111011. 1111. mx.
1110. 111. 111. 111. 111111 1. 1.
(1. 055) 1000. .-

1. 111.-11. 1. (1171177111) p. 1,
111. 77.1.1. (1.055111050) 1000.

7111. 0111. 01111111 01011111 Pius
017111111111011. 1111. mn. 011

 

