111 ” mmmmm&

1111111111 1111111 1111. 1111. 11111. 1111.

111111111111111111111111.1111. {2}- ᾗῇ. ξῶξῦἱξῆ 51511

1303· 5015· ⁶755· ⁰ · centurio 1111. 1115.

legatus 1111.
1111. 111. 1151. 1181. 1111.

1111111111 111111111111. 1111. 3111. 1111). 8111. 8811. 1111. 1111.
1111.1111.1111.1111.1111. 1111. centurio 1111. 5111.
1111.1111.1111.1111.1181.1111. centurio 11 111. 1111 Scyt. 1111111111

11 111. 111 11. 1111.
111111111111.

legio 1111 8111111 1111.
mamm. ffiffiffi.

. 1111. 11111. 1111111.
111101111111111111111.11111111. 1111111111111.
· 11111111 1111.
legio 1 Aug. 8111·
11111111111111111. ''mu'' ¹¹7⁰ ¹5⁰⁰ 5⁴5¹
111111111111111 111. 111. 111. prm. 1111. 3111 up.
1111. 1111111. 1111. 11811111. 1111111111.
1111. 1111. 1118. 1111. 1111111. 11111. 111. 111111. 1111. 1111. 1111.
1111.11111111111111111111. 1150. 3133, mo. 1111, 1515.
1111. 1111. 1111. 1811. 1111. primm. 1111.
1111111111 111 m· 1111111111. 1111111111 1111· 3111·
legio 1 Ulpi ’11111 111111. m a Μ’ ⁰⁰⁸⁹ ¹5⁸⁰·
legio 1 1111111111.

lomus 1113 = 1111.
111116 7111ο 1111. 1111. 1111. 1111. 1111. 1111. 1111.

princeps 1111.
1111111111 1111.

11111 11111111. p. 1. corr. 111. 111 1118. am.

logio 11111111111.111.1111.1111. 11111111 111. 1111. 1111. ,
1111. 1111. 1111. 1111. 1118. 1111111151511111.
1111. 1811. 1111111111. 1111.
“ 11111 1111111111. 1111111 111. 1111111111 11111. 11 ternu 111. 1111.

legio 11 (11111111111. 1111111. 1111.

1111111 1111111 111. 111. 111. 1111. 111111118111111. 1111. 118811111111.
8111. 1111. 1181. 1311. 3311. 1111111.111111111111111111.
1111. 1111. 1111. 1111. 1011. 1111. 1111. 1111.

1111. 1111. 1111. 1111. centurio 111. 1111. 1111. 1111.

1111111111. 111. 1111. 1118. 1111. 111111111111111.

11111111. 1111. 1111. 1111. 11111111. 1111.

11111 11 1011111111. 10111111111111) 1811.

. lma 111 1111.Ι 1111. 1111. 1111. 11111111111111111111111111111111111.
1111. 1111. alumnus 1111·

11111111 1181.
ex 111111. 11113 1111.
11111111 11111111 818. 111151111. 1111111111.
1111. 1111. 1111. 1118. 1111. 1111. 1881. 111131111.
1111.1111.1111.1111.1111.1111. 1111111111. 1111. 1111. 1111. 8118.
11111111 p. 1. 1111. 1111. 3111. 1111. 1111. 1111.
1111. 1111. 1111. 1111. 11111111. 11111111 1881111.
11111111111111 p. 1. 1111 up. trumentum· 1118.
111111111111.
1111111111 (31111111111111.

 

