13 Π. timonium.

3111111113113. 3358.

3111113111. 513. 3133. 3331. 3583.

3337. 1537. 5113. 5133. 5533. 3853.
33711 11. 3313.

3. 111111115333.

311111 1313.

311111111. 3171. 3317. 3313.

311111111111111, 11111131, 1111·

11131 3333.
3111111111 3333. 3333.
3111 753. 737. 3533. 3537. 3533. 3575.
3587.5113.5353.3338-3333. 3311.
3111333.
31111115383.
111. 3111111. 311111111131111.
31111111111 5373.
31111131, 31111131 333. 3153. 353311.
5131. 5133. 5571.
31111111.311111111133331333153.
3713. 3717. 3337. 3173. 3333. 3333.
1131331131. 5113. 5155. 5153.
3333. 3735. 3313. 3335. ’
3. 11113111 5573.
3. 31111111113113.
3111113111 3331.
311111311111 3333.
311111111 1733.
3111111111 35. 1373.
31111111 313. 3331. 5133.
31111111 3573. 3857.
311111. 3111131111 1335. 5333. 5331.
31111117333.
3111311111, 3111311111 3133. 3133.
Decennovium 1111 111111 5531.
3111111111 3131.
3111111131111111111133331 os. Noriio.
13 311111111 53111.
3313111111 3373.
3111111 3371.
3111111, 11111 - 71.
3111111 1313. 5310.
311311111311111111111 153.
311111 Tii· 1111173331.
311111111 3333.
1111131111111111) 5333.
11111 311111111 Arimini 83.
1113111. 6111115157. ,
3331111111 1333.
31111111 103311.
3111111111 133311. 37331 1. 31111111.
3111111 (= 31111111) 3735.
311111 regio 5303.
31111111 5155.
31111111, 1111111 111 5131113333.
3111111111 5313.
31111131 3351.
3111111111 5333.
3111111111 5353.
3111113111 33.
Coi. 3311111131 133.
Eburodunum 5313.

111111 3111111111111311. 315.
Eburum 7115.
11313111 137.
uuus 3131.
Egdinii 333.
11111111 3371.
11111311 3331.
3111311 1. 1111111111.
Emoniia 3351.
111. 11111111111113333.
1111111, 1131 - 71. 1331. 3331. 3333.
3111111111 111111133511.
11111111,111111 - 7333.
11111111, 11111 - 3131.
31111111 387. 3153.
1111111 1111111111 1313.
11151111 733.
3111113353.
3111111113 1111111 1111111111 513.
1111115313.
31111311 3333.
1111311, mun 1335.
1111111111, 111. 11111 1311111111111.
Ernaginum 5313.
11111111 XV 1111111. 33. 3113. 31833137.
11111111 lini. 31. 11111. 513. 5313.
3111111111 3313.
Euroo· 3373.
3111111111 11111 3355. 7331.
31311111111111111 133. 133.
11. 111111 131.
3311111111 3113. 5133.
11111111 7137.
311111 (111) 85.
civim 1111111111 1111111111111 311.
3111111 111111111115133.
111111 Dorium 31. 53111.
1111111 11111 311111 3111111133.
111 1. 1111111311 1331. 1535; o(- 111
1. 1311111113.
1111111 31111311 3113.
1111111111 3333.
3111131111, 1111113133.
3111111, 1111113331.
1111111111, 111113331.
11111131 5313.
liuventini 5533.
1111311111 munio. 3111111111 5383.
1111111 311131111111 1373.
11111111 3331.
3111111111 333.
vio 1111111 311113111113333.
1111131311 33.
F. 111111 1311.
intentionum. 1111111 1111111 1111131111·
11111 3537.
3111117131.
3111111111 3331.
regio 3111111111 111.
fidente lini. Pr. 11. 111.
1111111111 113.

 

