. m 11. amomum&

0111111111 8111111111 5100. Tyrum 5110.

81111011111111 750. 8111107081.
8111111011111111 8870. 8118. 8810. 8111111111, 8111111111.

0185. 5180. 71801. 81111111 1088. 8808. 5810.
811111111111,1η1181. 8111111111111. 8111111 811111111070. 0058.
8111 1. 80111. 8111111 (11111111 01 mm) 5187.
8110111115888. 8118111111 8871. 8118.
81101111101. v. 8. 0111011 11811111181111111
8110011 5108. 11011.

81101118018. 811111111 818. 5850. 0710.

811011111 08 ”. 81111111 1081.

8110111 171111111 8118. 8110111 1150. 5505.

1111111111 Trebulanum 111011111- 811111111 5118. 5155. 0705.

1111 7807. 8111111111 5810.

811011111 11111111111 088. 8111111 0051.
811111111510. 8800 8111111111 5107.
8111111, 8111111 188. 8801105. 1805. 8110111 8108. 8101. 5808. 51501785.

5088, 07101 1710. 0888. 7851. 5855.

78081 11. 1111111181. 811111118510. 5800.

8111 111111 5810. 81111 81111011110881. m
8110111 8108. 5810. 811111111 1008.

7111111111 5111111 157. 81011111 811 0018.
8110111111 8188 2 8005. 8711. 8858. 81111 811111111881011.

1088. 0808. 8111111 5880.

111. 8110111. 0517. Ubi! 5150. 00501. 0880.
811011111111 1111111111 155. 0111111 (8) 5810.

81111111 8078. 0011. (80111111) 787.

8111101111 5518. 8111111111 080.

8111111111, 8111111111 700. 5101. 811111111111111115.
811 1111111οι111 8807. 0501. 810111111 5107.

v. 11111111 11. 0010. 8111111 11111 5108.

81111 5815. 8111111111. 81111111.
81111111 5170. 8111 585.

8101111115185. 811111, 1111111111 111. 100. 110.
811111111 0801010. 0700. 1010.
8101111888εο780. 811111118080’. 8787. 0081. ’

81011111) 88’. 811111111 5118. 0

¹ 8101111 87. 81110111 11111 1111015111 811Ιο. 0150.
’ 810111185. 0081.

810111111 0000. 811111111, 8111111111 77. 8805. 8010.
811101 mont 0181. 81011111 18711. 880811. 5181
8111111110. 8181. 8111111111115180. ·
811111 8808. 5118. 5155. 5700. 0780. 8111111111111 1111111 0001.

0781. 811111111585. 8058.

811111 5100. 5100. 5101. 5111. 5117. 8111111111 1111111 5880.

5110. 5518. · 11111111101115881.

Ae 811111 5810. 81111111 8180. 0188. 0501.
81111 0801. . 1111111 51111 8. 5158. 0081.
81111111111100. 0101 8111111115171. 0081.
811111 1100. 1181. 8170. m. 8851. 11111118. 5171.

8018. 8850. 5181). 5580. 01810801. 8111111111 5188. 0517.

81111 580. 5181. 8110111111111115181.
811118111111111115111 Pam 0150. 8111111, 111. 8..(11111111811111115108
81111110) 775. 1800. 8018. 5500. 5088. 81111111 11111718.

7105 81110101 50. 8885. 8101. 5751. 0177.
8111111111 (10 11111 01111111 1) 8111110000. 0110.

81885 8815. 811111111 (7) 8800. ·
811011107811.Τ51151111. 8110111010. -

81111 5800. 8111111 00711. 1000. 7105.
81101111 055 5188. 811111118807.“” ’
81111 5000. 8111111111 0. 8181. ·

 

