11 Π. 880880881811.

8111111188. 1101.
81111111 8888.

811111 8808. 0878. 7888.

8111111111 0088.

81111111 8110.

8111111111 8111111111108.
8111111088.

8111111111 111118088.
1110111188.

1110111111111 1111118108.
Hadrumetina 111111111 0881.
Hadrumetum 87811.

11. 111. 8111111111 81111111111101-
* 111118111111118088. 8088.
11111111, 111011800.8881; 11. totu.
1111111 8881.

1111118110.

1111111111 8081.

Hellespontus 1081. 8881.

811. 1111111 1111111 1. 1111111.

11111101 178. 810. 800. 801. 877. 878.
878. 880. 7178.

1111111111 11111111111810. 81811).

1111111 1111111. 880.

retente 1111111111 1111011118 888.

8011 11. 1111111111.
1111181111 8110.
111111118807.

1111111111. 8817.
111111111111 71.
1111111118111111 8188.
11111111111111 8108.

811111111111111 11111 11111111 8801.
8111111111, 11111111111111111 8788.
711 111111111 1008.

71111 111111111 7101.
1111011111 8010.
111111, 1111111 8110.
Hesperium 1111188.
11111111111111 887.
1111111111111 788.

8111111111111111 8801.

111111111111 1808ς1. 1111111111.
1111111111111 111110881.
81111111111 18011.

1111111 flumen 8171.

111111111 11. 11117. m. 111. 8110.
111111111 888. 818. 8888.

11111111111881. 8871.

11. 111. 11111. 808711.

11.1111111111781108808880818801.

8888. 0788. 8818. 8881. 8888. 7181.

11. 111. 7111111111111 0880.

1111111111 1111111111 11111. 111. 0008.

11. 1111 11111111111111111118818.

11. 11111111 8870. 808028818.

11. 11111111 11111111 88801 11. 11111111.

11111111 8887. 8718. 8017. 8818. 8818.

8888. 8001. 8888. 8888. 0818.

8781. 8788. 0881.

1181111118888.
11. cummeneo (t) 08881.
1111110111 80. 81. 8880. 00881.
111. 11111 1111111118888.
(11.) Urbe 111111 81111111 8880.
Urbe 8181111 111111 fluertem
1170 = 8088.
8111101111 80. 883
1111111111 8081.
1111111111111 18811. 8008. 0881.
11111111 08. 10881188. 111111018001.
817111. 08771 11. 81111111.
1111111 8088. 8118.
811111111111, 1111110808.
urerentur 188.’ 1870.
1111111111 887.
tenue 81111111 qut eet 10 81181111 8801.
11110118177.
1811111111 8888.
1111011111 10111.
11111111187.
1111111111 8811.
11111111 010.
11111111 1001.
1111111 88.’ 0787.
1101118110.
1001111111 878.
1111111111 uel 111111111111.
11111111 8788.
Portus 10111111 8818.
1011111111 8788.
1111111111 011. 118018881888. 8008.
8118. 8188. 808711. 8081. 8180.
8807. 8888. 01188718.

· 11111111 1. 8088 (t).

1111111111111 088.

111111111 8801.

11111 8887.

110111111111101. 08.

1111111111 111111111 1088.

1111111111 1088.“

1111111111 (18181111088.
1111111 interemere 8778.
1111111111111 1111111111 1018.
11111111111188.” 1018.

1111111111111 111111111 1887. 8888. 0817.
luteremuetet 180.

111111111111111111111111 187. 8001.
luteremuetee 18811.

11111111111111 10111.

1111111111 1111111111 11111111 1111111111-

11111 188.
111111111111111 11111188.
1111111111 8110.

11111111 moue 8111.

11111 11111 8108.

1111111 1111111111 8788.
1111111 787.
111118111111111 8808. 8100.

1111 1111111 8188.
1111111178. ’

 

