vm. 4466144441744418.
64 offitio-olo 444. 14. 14414444 4144444444

Ordo = 4444444444444 7470.
44444444 4444444 6464. 6466.
ordo 44444 44444444414444 44441. 444.
444 44444444 444. Plo 6446.
444444 444 444444 (44. promotos) 6066.
4444144444 6774.
ordo 4444444, o. 4444. pr.
os. centuriones.
6444444444 444. 11 6666.
6444144444 666. 664. 6064.
444441. 4444444. 6446. 66166746. 4676.
67674 4(- 4444.
44441. 4444444. 4444. 6444. 444. 44 T!-
64444444 4444444 6466.
444441. 44444414 666. 604. 4666. 4676.
467644. 6466. 6667 44. 6647 44.
6600. 6066. 6460. 6606. 4647.

444441. 4444414. 466. 4644. 6464 444. 6676,
6667. 4066. 6664. 4040. 6666. 6647.

44441. 444. 4444444444 6466.

44441. 44444444 6464.

44441. 444. 6466.
40144444 444 44444444 444444. 4444. 611.
414444. 44 444444 4444444414 6747.
4444441444. olorum, 441414. 444.. 414,
44444144 44444.. 4144. 4444. pr. oua..
oodlo'or„ 4444444444.

-444441, 4444. 4647.1

44444. 4444444 44444444. 74444444
46664.

444444444 44414414 4444444 444414444444
444414. 6444444444 b 44444 4444444
444444 11411 6646.

644414444444444044444414444444444646.

4444444 04444444 6664.

4444614444· 66. m. 666. 666. 646.

666. 4464. 4740. 6486. 6664. 6047.
6466. 64Ἇ. 6466. 6644. 6646. 6647.

6641. 6664. 6676. 6666. 6667. 6666.
6606. 6606. 6647. 5466. 5466. 6466.
6476. 6666. 6677. 6766. 6766. 6766.
6776. 6664. 6666. om. 7646. 7676.

7664

4444.444444444444444444444.

6644. om. 6646. 6648.

44441. 4444. 444 6606. 6666. 4667.

6470. 6144. m. 4646.
44444. 4444. 1141. 646.

44444. 64484έῄ6044 61. 4. 44444 Goo-

44444444

4444ῐῦ40144. 04444444 44 4444444444 6666 6664

4444414444 766. 6764.
4444444444 Π 44 44444440 114666.
4 4444444444 46444444 6640.

44448444ὃ 1444. 44444444 omo 4444414

444

6444444444466664 4444414444444, 4444-

444444 44416466.

444. numerorum 444644444441444444
44 64444746.

444 4444444 444444 4444444444 1444444·
444 1 14441444 44111 444. 44 44444-
4444444 6746.

444. 4444444444 444464444444 (4444444444
44444444 766.

444. 14444444 6764.

44. 44 44444444 ’1444444 44444 4444444·
rom 444444 6144444444 4646.

os. 1444, 4444. 444411.. numeros.

4404144044, 4444444444444 746. 4646. 6464.

6666. 6466. 6666 (4). 6407. 6446.
6446. 6466. 6666 444. 6664. 6766.
6666. 6660. 6600 4644 6646 4646
4766. 6766. 6774. 66446. 6676 4664
444. 444 (4444444) 74. 6666. 6466. 6466.
6444. 6674. 6466. 6666.
ol. 14410444.
64444444 6776.
444. 4444444444 4664436466. 6467.
44. 4444444444 6777.
4444. 444 (44444444 444441) 6464 444.
4444444444 4444444444444 (4) 6664.
ol. 1444. 44 nomem.
64444444 (44441444) 6647. 6666. 6664.
Prooss'moaf'ooreno· 4676· 74466.
1444144444 6466.
Promotus 44444444444 6464.
04444444444444, o. 4444. 44 4444. 444.
mutationibus 66064 o. 441414. orb.
4 4444444444444 44441440, o. 4144444.
04444444 464 444.
64444144 6476 (4).
6444444 4444444444444 6766.
444. 4444444444144144 6460.
644444 6676 444.
644444444 6646 6646.
444414 444444, 44444444 444444 6646.
64444444 6616.
os. 1444.. 44144. 4444. 44 4444.
6444444444441444, 4. 444. 41444.
6414444444. 4144444444, 4. coho. 414.
64444444 6476.
4. 444444144 444. 6664.
os. lm„ 44146 444. 44 444441.. 444.

44 4444444444 6476.
6444414444 4444444444 6006. 6666.
4. 44444444 4444 »antomon 6660 =

44. 14444. 44414. 444. 44 orb.
44 444444444 6746.
Speculatores 4444444444 441 4444444444
444υ614443444444 4666 44.
o!- 44444. 44 44414. 44.

 

