70 V. IMPERATORES ET Immonvni 1111101010.

1110. 001. ῨῙΙΓ. 1010. Χ1. 001. Ῑῖ
0. 0. 11. 000) 1050-

00111. 001. 1110. 001. 0111011110. ΧΓ.
101-11. 0. 0. 110110. 111. 000001
(0. 001) 0010. -

0001. 0001. 1110. 00001111. 1100. ff.
(1101 1.Χ1) 001. 11. 0. 0. 000001
(1. 001) 037. 1075..-

0001. 0001. 1110. 001. 111. 1010. 01111)
001. 111 (1) 010101. 0. 0. (1. 001)
11110.

1010. 0100. 1.. - 00111001 000. 011-11.
01100. 00010. 0111. 0. p. 000. 111
(1. 000) 310.

10110. 1.. 8001101018010001000. 0101

x 0111Ἦο1110101001101100001111000
001. 111 (0. 000 seqq.) 031.

1010. 0100. 0101110001 0011. -8010-
101 Pertinax Aug. 0000. 011110.
00110. mag 000111. 0001. 1010. 001...
Χ... 001. 111... 000000 (1. 0001000)

· · 11110. 0000. 1.. 1011. - 0100 00111011

000. 0010. 001001 01010. 11110. p.
111. 11. 001... 000. 111 (0. 0001000.)
11110. 0000. 1.. -010100111001 0110.
011110..00110.11101. 0001. 0101-1110.
00111. 1100. 01. 001. 111. 0. p.

' 000001 (1. 000) 31.

1010. 0101. 1.. - 010100111010000.
0010. 01100. 00101-11111. 00011. mu.
11. 001. Χ. 11110. 111. 001. 111. 0. 0.
000001. 01001011. 10100011, 10011011·
0011011011111001000001010010000)

11000101. 1..800110110111. 01. 0010-
1000100 00011011 000. 00101 0010110
000101000 00001000 01 0001111001
0010000100-1- 0001. 001. 1010. 001.
’Χ-Ι. 1000111. 001. 111. pronos (0.

. 003) 010.

11110. 01011.. - 0010. 011110. 00110.
11101.10111111000-1011011011000-00111.

’ 11111. 1110. 001. 1111. lmp- 111. 001.
ῙΠ. 0. 0. (0. 001) 013.

Imp· 0001. 1.. 0011000. 1. 0101011
1110. 0011. - 0010. 0000.- 01110.
00110. 0. 01. 1010. 001. 0111. 10110.

v 110001. 111. p. 0. (a. 000) 010.

11110. 0000. 1.. - 0100. Mun-..Q

· 01101. 0111111011. 1010. 001. 07111.
1011011-Ηῖ 001. ῙΙῙ. 0. 0. (0. 010)
000.

111101111101.

101111 00111110 Severi:

10111 00001115107 001.

1. 011000. 5308.

11.) 11001111 000. 301.

10110 0001111 000. 103010105814.
5100. 0505001.

1. 0000111 11001101 0011114115.
0111101 11. 00100111 Aug. 100. m.

001100 000. 005. 1070.

0001010000. 0300.

1100. 0101. 8001111111 801001 011001-
1101011 000. 0110. 011110. 0101.
10101. 011101000011110100110) nob.
0101. 0111110010011 100.

1010. 0101. - 0011101011 000. 01 01.
00101110010010101011111 1111000101·
0011 011101, 101101 0111001001 003.

1. 11010111 000. 1011100 0111000001,
001100 0000111, 11110. 0101. 1.. -
000. 000100 5311.

1. 000. 1111101 0000. 01 0111101010
805. 5100. 51011. 0001. 0750.
1111100 000. 010111000001011. 5331.
0111010111000. 01000. 010101. 1508.
1111101 0011100. 100. 1013. 0305. mn.
011101 000. 11. 01011110101110110111-
101 01 0111110 011100. 0101. 01.
0010111 00100101 011 11011οΙ1 Aug.
01110101 00101011 3111100101 111110-
1111913.

001100 10111101 001111, 0111101010. 10-
01101, 0010110 1051.

1110101 000. 0. 01011100101110110111·
101 01 0111110 5077.

011101 0101001. 0100011. 01 0010110

1. 0011111 011 rens Aug. 011101. 000.
01 0000101 0111110110 0101010110011

1. 011 00111 000. 01110100101111110110..
0111001010, 100110110 0111110 0011. '

1. 000. 0001010110. 0101111010111, 10·
0010101 000011 1101111111 1015. 1
Imp. 0111. 01. 0110110100101111101 0110. ξ
(0011011101. 1
11110. 0001. 01. 00101101 8000101 An· 1
10011101 000. 0737. ¹
1). 0. 11. 000. 8000101 0111001001
Pul! ⁹2⁵· 1
Imp· 0101. 01. 000. 0011101001001- J
001 0101 00111 000. 5500. ,
10110. 0101. 11. 000001011101000110. ³
3³31· 0101 (10. 1.. 8001111111 800001)

10110. 0101. 01. - 000. 1.. 8011110111 1
segor! 011 0011101011 000. 1111111 J
1010. 0100. 8001101111 800001 011001- ’
1101011 000. 00101010110011101011· 1
10101 1111111111 (0011011101 101101111101 ³
111101, 010111. 000. 00100101001· Ὺ
10101018110111101 110001, 11101 011-

 

