v. 1111111111111 111111111111111111. 11

810111 111. 700. 000. 810. 810.
01118. 111. 800. 807.
11111 8. 5000.

01111011 11111111 0111011111111111111 54

111. 111111 01111 8101111 111.
11111 1111. 11111111 111. 1111. 1.
ι11111111 800. 807.
1101111110101111 111111 11011111.
1111111 1111111 1111111111..1111111
1111111. 111111110000.
1. .1111111 811111. 1100. 0100. 0001.

1110.111.111.11.111111.1111111111
111.(1.1071010... 817.

111111101111111101.1110.111.111.11
1. 1011886

lma) 81117111111 11111-1111 Q
11111111. 1110111111. 1111. 11.
111. 111. 1. 1. 01111 11. ’1111111111-
101111111111111-1111111 11111111
1110. 111. 111. 11. 1. 1(1) (1.1071
810

10111111 1100.
nem 11111111(1111111111111 1111 800.
1111011111111111111111111111 1111800.
111111 Fadilla 0111111 1. 1111.11111111
111. 1111111 0070.

1. 1. 800.

11111. 811111 T. .1111111111011111111111-
1111111 1111111111 Pius 0110. 0101·

11111. 8. T. 111111 1110. 111. Aug.
088011.

1111118111. T. ·· 111. 1111. 1. 1.
800εο088. 1000. 0000. 0000. 0081.
0015. 0011. 7000.

11111. 11111. 1. 1. 0000.

lup. 8111. T. 111111111011111111-
11111110000.

111. 811111 Antoninus 111. 1111 1.

1111. 8111111111111111111.11110501.

11111. T. 111111 1111111111111111111
111. 1111 1. 1. 0115. 0010.

11111. 1111111111111. 11111 0000. 0100.
0571. 0700. 0805. 0000. 0108.
8001. 0081.

p· ρ· Bw· 8³⁷0

111111111 111. 11110717.

1. mm.

11111111 A. 111. 1111 111111111111
110111111 11111100.

11111111 11111111 1. 111. 11117108.
11111111 maximusque 11111111 1.
1111117111

11111111111111 11111111 T. 11111111·
1111111101.

11111111 11110111111 1111. 1. 111.

088881111011111111111111101001.

1111. 1111111111 1080.
811111 111111111 0110.
111111ἱ11111111111111. 110. 5000.

111111 1. 000.

1111111 1. 111. 11111007. 000. 0000.

1111111 1. 1111110011 11. imperatores
Antoninos 1111111111.

1111111111107. 0870. 0008. 0000. “ ,

11111 1111. 8111. 11. 111111111-
111111111. 111111111111 11111. 8111.
[.11111111111111.11011111110000.

1111. 8111. 1111111111111111111111-
111 111. 11111111. 1. 1. 1101111111
11011 1111111111 80811.

1111. 811111 11111 111111111 1. 11111
1111111 11110111 111. 0111 1111111
111111. T. 111111 1110111111 Anto·
11111111. 1111 gont· 1111. 1110111.
111. 1111111111. 11 (g 1081000.

1110. 111. 111. 1111. 11 (1.10810700.

1111. 8111. Τ. 1111111110-11111111-Χ
11111111 111. 1111 111. 11. 1. 1. (1.
100) 000111.

1111. 8111.Ι 111. 1110111111 1. Aug.
1111 1111. 1111. 11. 1111111111
1. 1. 11. 1001800.

11111. 811111 11111 1111111111 1. 11111
711111111111111 111111111111111
1111. 1.1111111110111111111111·
ΝΜ.ΜΜΜΜΜ
11. 111 11.1.1.1111111111111(1.
1001010. 5001.

Imp. T. 111111 111111111 Aug. 1111

ρ. p. 11111111111111111111. “

1111. 8111. 11111 1111111111 1. 11111

111111111110111 111111111111111 1

111111111.11111111.1. Aug. 1111
1111. 1111. 111011111111 11.
01111111.1.1.(1.100)801.5000.
1111.11111.1110.111.111.111.111
(1. 100) 811.

111.1Τ1(111110. 1111111111.
11. 10011001) 511.

1111. 8111. T. 1101111111. 111. 1101
1.1111..1111.111. 1.1.(1.100-
100 000.

1111. 8111. T. 111111 11. 111. 111.
11111111.1111.1110.111.Γ1.111
111. 1. 1. 1111. ῙΙ (1. 101) 100.
1111111111110.111.1111.111.Ῑ,1Τ.
1. 1. (1. 101) 801.

1111. 8111. 11111 11. 01. 11111 ’1111111
1. T. 111. 11. 111. 1111. 1111111111.
«1111. 1 1.111.1““11.1110111.1Τ11
(110110710

1111. 8111. 1111111. 01. 1111111. 111-
10111 1. 1111111. 1111. T. 111. 11.

 

