vu. uiis PVBLICA 11011οΝ011οΜ.

s, i.. ovinius 010101 00010101 010011101

0101111101 0531.

0111111101 087010.
801. 010101801. 1. 000. 1111001011011-

1101001110 0088.

:2 Q. 0110001οι 1101100 3775. 5130. 0008.

L. 011000101 010013088.

Α. 0111001010. i. 8000100001 0000101

Ι1111118οἑιέ 0110011101 0. Licinius 001-
0 .

-· i>- 010110180010013000.

0. Pomponius 00000111001 3000.
Q. Pomponius 110101 800.

c, 00011101 0. 1. 0011. 0110101008501.

Τ. Fi. Postumius ’11111001 1100.

·' T. Fi. 001100101011011185. 0017. 8070.

Ι.. 81000101 1.. i. 010. 1101011101 1111101
0010111001 0377 = 0700. 0080.

u· Q. 11010101 801. 1. 0010. 0001101 1100101

811101 010101 01001101 0101 101101
Eurytion 1101111001 00000101 81110
G· Rubellius 8111111111 070. ·
01. 80001001011111011110100000011001
01101001 01010101 0780.
0. 81001101 0. 1. Quir. 111100 01001111-
00111100 011010000011001· 8087.
C. 81111010. 0011. Liberalis 1000101
1111101 1170. 1171.
11. 8110111οι Q. 18101101100111111-
mus 0070.
L. 81111101 11101011 0110111111, 0. 00111101
801οο 3057.
(8101011101 Lucretio· 010111, (81010110
1111010101 1110 0070.
ii. Tiuoiui 00101111.. i. 1100. 011101
0011000 5850.
’11111001 01 111101 5805.
P. ’1011101 01110011 1. 8111. 01110 0007.

L. 7011101011111101 Apronianus 8770. '

1.. ’1011100 81000001 1100.

L. ’1011101 81100001 01101101 0075;
01. 1008.

01. 01111101 1111101111οι 5001.

01. 0111001188.

M. 0011101, 01. 00.... 0181.

0. 00101101010071000110101001001-
ius 3108.

...ιιι-

000101000010100111 0100100100 3105.
110 10110011 P. 0. 0011 0001010100
81 1001010 1180. 5585 011.
0001010101010101 potuim. 0001οΙ11

010101011011000 10011111 00011-
0111 0370.
81 10111010 000111010 3188. 5500101.
000101 0111011101 188. 030. 055. 0111.
0080. 5381111.

103

0001011111, 0110001011111000. 8700.
5175. 8830101.

00101101 11111 1001011101 1178 001.
1001110 Divi 000111011οΙ 1181.

(1001010111 00001001, operum, 010-
vinciamini o. 111110.)

0101011101 0001011110013130. -
000. 1001. 0101101 3157.

00111. 000. 1100001101 3370.
Tribuni 0011315111 100101111 001111111

0101100101 1111101111 10101010 1101001
11010011οΙ1 8033.
1110110111 101 00011111 1001111011011
1010011500.
1. 11511.
1101. 530.
comoros 530. 501. 550. 550. 553. 585·
500. 1508. 5357. 8008. i
0101100111 11. 01100101010110 1100.
L. 0111111010. i. 3133; 11. 0005.
01001111001 11 ’.11101 Aua. 3850.
'fiius 010110 000. 53. 58.
0. 0110010011 ’0011111110οι 768.
G· 0100011011 ’11. 01100101 0111.
000. 5181.

Praetores 77. 13110. 050. 530. 500.
503. 505. 550. 578. 5885001170.
003. 773. 800. 800. 11001113.
1170. 1178. 1187. 1188. 1050*
1533. 0135. 0151. 0070. 0073. 0070.
0307. 0377εο700. 0781. 3100.
3110. 3101. 3100. 3103. 3100. 3100.
3188, 317300. 3170. 3177. 3180.
3185. 3188. 3380. 3303. 3580. 3881.
3807. 3885. 0385. 0010. 0050. 0080.
5003. 5170. 5100. 5000. 5350. 5350.
5358. 5308. 5008. 5031. 5030. 5007.
5000. 5050. 5058. 5077. 5078. 5070.
5088. 5100. 5000. 8010. 0018. 0000.
8018. 0000. 0050. 3051. 8110. 3050.
81581. 8075- 8180. 8080. 8088*
8000. 0001. 0000. 8000. 11085. 8007.
00080000. 8501. 8500. 8508. 0700.
8705. 0700. 0838. 8011. 8810.
0015· 0088.

01. 0111011101 00 783. 0058.

00. 1100101101 133. 1180. 0000. 3000.
3170. 3858. 3780. 5050. 8000. 8007.
8003. 8070. 8088. 8081. 0507. 7000.

01. 1100101101 Augustorum 0708.

Divi Troiani Aug. 3178.
’ Divi 1110011010758.

0100101101 01111111 in 00101001 otiu
1010001ιο 0110115008.

00111οο 11101001 750. 1530. 8 .
0350. 3000. 3150. 3180. 3 1.
0030. 0081. 0083. 0510. 11800.

 

