111 11. 111Ι 1111111111.

1111186111811111161166. . 111116 1111611111 11 1111111111

’1. Amiterni 166.

p. 1. 111. 8666.

. 111 111111111111111111111 3793.
1111 61111111 1111111111 387626581.
11111011116188. 111111 11113783.

· 11111161 11111818.
111 11111111 1111 5816,
’ 1111111 111111118171.
1111111 111111161111111 366.
(1111111111 1111111 1. 11116111 111-
11116111.)
11111611 1111 811 11113787.
11111111 1111111 811111113958. 7111.
111111 1111111 111 1111111186. 3177.
1111 1111611 166. 7676. “
1111 6111111116. 3116. ⁴
111111 6111111 3696 31686.
11111111 3381.
’ 71111111 6189. 6689.
1111111 1111111111 1111111111 686.
1111111116111 11111 11111111111111
116111111 (1. 116111111111859.
1111111111 3558.

3617 1111.
111. 1111111111 11111111111111 8898.
7111116111 3816.

’1111111181111111111111111111,113818.

61161111111965.

11111111 6387.

7111111 6398.

7111111 8617.
1111111111 16 1111 1111111111 11111111
61611111, 1. 1. ,
111111111, 11 taem 6381.
6111111111 111. 116. 6111116111.
11Ιὶ13111011 111. mun. (6111116111) (1111111

nb. colonorum 1111611111· 6699.
0111111111 0111111 8856.
1111111111 111. 811. 11116161.
91ὲ116111 decurionum 111. Pomm

“laustinus 111. 11. 111111 1111.

81111111. 111111. 111111111611116168.

11811111 011111 7178; 11. 1118111 11111111.
111111 111111111 6111111 7156.

111111111111111111111111111111111· „mm 01111, 1111, 1111111151.

111 11111118 3381.Ι Ι
(1513163111 1. 11116111 111·

*—

1. Officia municipalia 1111111.
1116111 1161111.
16111111 11111111 11111111111111111·
1111111111 11111111 3668.

11111 11111111 1111111111 611111111111

1111111111 8511.

1111111 Luceriae w.

,111 1. 8111111111 6667.
111111 8111616111 7161.
01811111111116111111 1613.
01111111 1111111111 611111 6689.
1111111111 0111111166.

1611111111 (1.1. 11111111 1161111111 Publicus municipum 1111111611 12503

1111111111) 8111111 6668.

11. 111111.

111111111611111 1611111611 116 811111111111111161 1111161616111111-

1111 praefectorum 8111111· 6667.

1116111611 3567.

1111161111 1116 8111111111 5818. 811161 1111111111· 3131.

11111111111111 1. (1.111111111111111
,1111111 1111111111 116.
111 1. 111. 111. 6688.
111. capuae 6385.
111 p. 1111111111 61111111111111

118 = 3987.

’ colonorum 111111118111111111 6667.
11111111 711111113536.
1. 11611111 11111 169.

61111 3787.

6111111111 1688.
Pompeia 8636.

8111111 1885.

1. p. 1161111 7156.

11611. 6111161111 8118.
11161111 11111 613.

611111111111111111111111111111811·

111111 11 11111111 11 11111111
0111111168.

611111116111111 111 11811111 1111111116 811111 11111111 1111111111 8866.

1185.

1111111161111111111 8886.

1111111111111111111111111111111766. 1. 11111111 11111111 6867.

6. 11116111 1116111111 568.

mmo 1228=3m

1111111 opum 1111. 111111111- 1111161111111111111161118

61111161 Capuae 3813.
1111111 1116111 11111111 818811.
1111116871 cs. 11111111.

sufflat-tu 811111 8786.
’111111111111 11111161 8111111111 836.

1111111111 1111111111111611111111883. ’1161111111 111 11111. 81111111 38181

11111111 111. XX 11111111 3367)
61116111 638811.

,mmm publ. 1111111 mma·-

 

