ΠΗ. RES numnis. 488 ⁴

1111811 florinum eene: ee. 4144. v. 4441. 44444. 4444. 4441. enee.
1. 444 4444 14 4444144411 dentium 8184. , 3373· 5430· 8338· 3333· 3334·
4. 444 414414 4441 ,4444411141 pennen· ⁰9²⁹·
4441 4855. 11444144 444 14444414 4848.
v· ordineeiuni inteiee 1144 5188. 4144 deiectione 4144444144 444 enio-

ι. viee 411141 44444 4148. toron ³⁰⁴⁰·
1. 4 4141441544 exenium 4888· 838411· 1373· 3333· 3333· 3333·

1. 1414444 14444141 4441484144444144- Ε3· 3837·
44444 44444441 8858. XXV 4441411444 8888.

84444144 5588. (4.4444444444444144441444541448848)

vili. [iiis miminis.

i. 8844444111 8758.

18144 444441144 4888.

444444144 4441444844 5478. 444. 4444. 44. 44. 5478.
444441144 4444144444 8888.

444441444 14441444 4485. ξ 144. 44. 44. 778. 4888. 8485.
4444141144 nui 4411448141 778.

444441144 84114441444 5818.

444441144441 44114 4441414414 eun.

exereiine 1448444 14 4444144414 41444- 114. 44. 44. 5858. 5487. 8584.
exglrffifffggr'menieu· superiorem.
444441184 14441444 788. dnn eine expeditione Aniene, 444141844-
18144, 8414 4441144 788.
444441144 544414484 5588. 444 4184 4444 8414414418 44 4444 Lugdu·
444441144 84411444 487. 8488. ’Μ 55η
8. 54444444.

14 45888.
14ξ414 5444444144 (4444144144 44114414 praetoriae) 4888,
4441444441 cognomine 414444 14441 8888.
44414 14144444 8888.

Ι. (4444444 4511.

i. 4141144 iod.

1. 1441414114 8884.

Nomine legionum 4444444414 (1444144444 8888. «
4444444114 4448414114 8848.

14414444 41148444 4414444 8878.

44441481 8788.

lenio 1 485. 5488. 8458. 7448. 4444). 11141. 5488. oio-⁹.. 7448.

144. 888. 4847. 8488.
44 44444. 8485 58784.
444141 44141414 787. 888. 4887. 8885 44444. 444. 4747.
= 8784. 8888. 8848. 8581. 8588. 81841111. 8455. 5488. 5454. 5488. 4488.
8875. 4874. 5488. 8488. 48888747. 4788. ’
4414141141488411484558445. 8544. 4484141144 8445. 8748, 8875.
8558. 5458. 5488. 8488. 8788. 8748. centurio 8558. 8588. 4874. 8748.
44141414 bie 444 884114 ii> 8888. 44 4441111444 8884.
41441444 8584.
1144444144 8541.

 

