1111. 111 1111111111.

11111. 8881.
1111). 111111. 8888. 8888.
11111 VH 1111111 78. 888. 81818881. 11111. 78 88811788. 888. 8881. 8888. ¹
8888. 8888. 8888. 8818. 8888. 8888. 8888. 8888. 8881. 8818.
8881. 8888. 8888. 8888. 8788. 8887. 8788.
87788888. 8871. 1111111. 8787.
1. 11111 888 3788. 8888. 8888. 111111118787.
888811. 8887. 8788. 8888. 81181117887.
1. 111 11111 8888. 8888. 8818. 8888. 11111111 8888. 8181. 8888. 8888. 8888.
8787. 8778. 8788. 8778. 8888. 8871.
1111. 1. 1. 8111888. 8888. 111111 888811.
1. p. 1. 811111111118818. [maguum 11 111. 111. 1. 1181118111

quomo-'mun 888811.
11111111 11111111111 8788. 11111111 8788.

11111 Vm 8788. 111111118788.

111118111 111. 888. 888. 877. 888.
1888. 8811. 8888. 8888. 8388.
8888. 8888. 8888. 8888. 8888. 11111118881. 8888. 8881.
8881. 8888. 8888. 8188. 8888. 1111. 888. 888. 8888. 87188888. 8188.
8788. 8888. 8888. 8881. 8788. 8888. 8888.
8781. 8881. 8888. 8887. 88887888. 111111111111 8888.
81111111811811. 888 = 1788. 11111111871. 1888. 8811. 8888. 8888.
111. 1. 1. (11111118881. 8881. 8788. 8781.
1. 1. 8. C. (11111818 8111111111) 878. 1111111181111 8888.
Aug. 111 88111111111111 Commu· 111111111118888.
11111111111,1111 11811811 111 111· 1111111 11111111 8881.
118 1111181111 8718.
811. 811111118 8888.
111. 811111111 111111111111 8818.

11111 8111 881111111118878.

uuio 11111 1111. 1111.
111111 1111. 1111.
11111 vnn 1111181111 888. 8878. 8888. mh. lfflel· 8888.
850828858 0088. 0050. 88880085. trib. mil. ἔξω ’.8 8058. 0088. 0050.
11111111 .

111118111181111111118 88881. 1118. 111. 81888.
1111181111 111111811111 8878.
11111. 888811.

1111ἱτξο888. 8878. 888811· 8888111· mh, 1111,

1111111111 878. 8801888 81181 0778.
11111111 888. 8888.

11111 Χ 811. 8888· 1111111 8888·

111118811111111 8888. 8888. 8888. 11111111 8858415.8 8881.
11111.11.·.111. 1111...

1111111 8188. 8888. 8811.
11111 X 1111111788. 8888. 8888. 8188. 11111. 888. 88888188. 8878. 8778. 8788.
8888. 8888. 8818.· 8888. 8881. 8878. 8888. 8888.
8778. 8878. 8888. 8888. 8888. 81111111 788.
8888. 88881. 8811. 111111118888. 8888.
1111111 111 11111111 888. 8880. 8878. 8818188118 8818.*
8788. 8888. 8788. 1111188881.
1111111 811111118188. 11111 11111111 8818.·
1111111 811111111 8888. 111 11111111. 81111. 8888,
111118 1111111111 8888. 11181111 8788.
8111111111 8888.

 

