’ m 11111111 mu.

11111 1111111111 111111 8818.

11111 111111 111111 1111111 1151

81111111111 188.

“mmm 111111 11111111 11181111

1111 1111111 1181111157.

1111 11111111 11111511 1111811111.

1111 1111 11111111 57.

1. 111111817838.

1. 1111111 11111111111811111111 111·
81111 8838.

1. 1111 11111111111111 1111111611·
51111111) 11181111 8817.

11111111 (7) 5111111111 7111111811·

111111 5318.
11111811111 71111111 8188.

111 11111111.1581.1588. 7357. 7358111.
1. 1111111 1111111111 81111111 111·

1111111 1588.
1. 81111 11111111 1818.

11111111 8111111 3588.

1151111 11 1111111511 1111111111111·

1151 1111118138.

1111, 11111111.1388.1188. 8583. 8578111.

1. 518111111 7858.

1111118131.
11111111111111111111887888.
1. 111111 1111111111111111111118885
11111111511111875. 5588.

11811151113888.

1111 1111111. 1583 111.

m

5. 1111 11111 1881.

5. 1111111 111111111181511 8181.

51111 111111111111 1111115111-
migma 111111 1111111 7115 1111111

5. 11111 1115111 1388

5. 81181111· 7111117888.

5. 7111111111 7111111111 1383.

5. 11111811 1111111111, 11111511
1111111111 1111111111· 3888.

511111111111 1111111111 1111.

81111111 18111. 3881. 3383. 3888. mo. ἡ

5588. 8581. 8888. 8838. 7187.
5. 8111111111 81111 3787.
5. 11111 1111111111 1888.
5111111181 3888.
5. 11111 81111111 8588.
5. 1111111111 71111 7818.
5. ·-· 11111 111111111 1511181111, 11
111 11111111 11111811 7378.
7111111111 8518.
111111 1111111111 8588.
11111111 8588.
13an emturum 11111 11111111 1111111.

71111 8583. 8515. 8711.
11 11111 8581.
8111111118.
Borlusstgzu 111111 1111111111 1111811

81111511 8581.

1. 1111 1111111111 111111151111 cmm 1517, 1111,

nuqua 1518.

1111111111 111111 1188.

1. 81111811 111111 8888.

1. 1111111 1385
11111, 51111111151151111113 11. 8538.
1111111111 1358.
11111111111111 1181 1111118558.
1111111111 811111111111111111. 1518.
11111111 1887.
111181111111 1881.

11111, 115 11111 81811111 3373. 1888.
1813. 1811. 1115. 1188. 1187.
1851. 1751. 1883. 1887· 5181.

8818. 7858. 7888. 7883. 7388.
18 1111111 8181111111 1111111188.
1 1111 1115 11111 1111111188.
111111111 1588.
1111111 11111111111118138. 3883.
1. novum 1575.
11111111 18.
1111111 1111111111 1888.

8111111,111111 8581. 8588. ’
8111181111 1. 151111811111.
81111111111115111111 reperitur 111 111-
1111111111 Pompeiam 7887.
8111111 1511 1181111111111· 3888.
8111511,11111511888877;111111111
11111111 1188111111. ⁸

8111111 3388. 1881. 8188.
8111111111 1111111 8771

11111111 1111111111 8588.
8118111511 3878. 8131. -
81111 11111111 8738.
81111111 8581.

1. 1111111111 8871.

1. 1111 111111111118118.
8111111111111 58. ’

1. 11111111 5118.
811111111888.
8111111 1111 7178.
811111811111 853811.

111111 111111111111111 11181 1111111111 cml„ 31

8188.
1111,1111 1883.
11115112 1111111888.
1111111111, 51111111 188. 8881. 8888.
3888. 8885. 8188. 7888. 7888.
5. 1111111111 888. 3578.

8111111511 1575.
811518115851.
81111 1511111 858811.
8111111111 1111111111 1388.
81111 11181111 5888.

1. 111181111 3888.

 

