11 ⁴ 11. 1111101111. ¹

81111001 3111111 Deum 1011111 0030.
s, 11. 1). 11111101110110111015303.
8. 3111111 D. 31. 1. 100010111101053.“
s, Μ. 1). 31. 1010010110101 equae

Albulae 01001 Tibur 1837.
0101010113330. 2330.
30110101 3331.
3100111900.

s. 3111111 3110011311110111131110-
1110 (11 1111111110010001101) 10-
teramnae Proet. 5331.

8. 3111111 Dete (010013) 3111010
310011 1101101 3333.

8. 31. 0111(0010011111) 30110-
1113385.

81011001 01111110 0Ιο10111 Galliae

celeiae 2050.
Corfinii 1303.
30000001· 3335. 0031. 0033.

110 0010 Neapolitano 3330. ·

3001013080.
Teate 3330.
Sacerdotium 31. l). M. 0110010001
30000001 3333.
Sacerdos (1001101) 3111111 0001001
0011101 (3011111111) 1303.
8. 3111111 deum (8001001101) 3535.
Veronae 3371.
8. 31. D. 31. 10100. 011. 011101
8. 31100113111111 Deum et 111011
11101011 0111001 3801.
8. 10111011 3111111 31001 313111-
10012313.
8. 011011 31. D. M. Benevento· 3333.
8100100111 (1001.) 31. D. M. 3000-
00013335.
81111οο1 10 3311111 101101 11001001
exornetur 000000013333.

· Sacerdos 33101111 01101101113332.

8. 31. I). 331111111 10 1100 31011-
01011 3333 = 333ος 10100101-
001011 120.

Comatae 5303.
81001001331111111 (1101101) 3111101

3133. 2133.

0100010113338,
810110011100000 1010 33111 (11111.)

100. 3333.

8. 331111111 Potentiae 5718.
8001111011111011100011103010013337.
3101000111101 Ι). 31. Deum 0111111

1110111151.

Τ10100011001 (sortasse 1101000111·
101) 100. 3353.

’1101000101 (1101000111111) Ranae

Μ,00000101 301001011111110100 5333.

’ e. 10000110000110001οι-

three 1110101 3353.
00110111 0. 8. 1. 31110111 0111011 8111-
(10100030.
3000111 Rornae 1333.
3111001101 1011111 31110111 tta. 1301.
Hieracem Ι). 8. 111. 100. 3335.
10010010 00001001100. 0003.
31001181011015813; 10111111 1100101
31111 1100010 8101101· 00030.
31100111 1001 011101 Rornae 1331( 01.
Magister et 01111 0111001 100. 1333.
31. 00011101 110101010 (1) 10011111
1011011 31110111 100. 3351.
3101111111 11011111110111 011100101100.
31111 011101 1330.
(3001) 10 aare 110νί101000 0033.
Romae 2307. 0038.
(3011110010 01001 3110101011)

3. 11 0111000111 Ι). 8. 1. 31. 1101001
3. 11 11111001 1011011311101100001111
3000111011100. 3350.
31111 leonum Sontini 00030.
31111 00011101 (31011111) 5053.
3111101110111 Mediolani 1300 (male
1101. 0111101111101).
Romae 1808. 3703 tt).
(lwtefalten 1311111100.) 3300.
31111 0111010 01180111 101111131110110,
3000113353.
31111110101001 100. 3350.
3. 8 (01111111101001) 100. 1301.
31111 1101010111 1011011 10110111 100.
P. 1. 011 1011011 31. 100. 0013.
30011111 SC 1111] (110111 1101000111)
100. 0001.
3101101115800, 0038. 03031. 00130. t
Sacerdos florentiae 1318. , t
1101001 08030). 5015. 5815.
8101101 5810. 30031 00030. t
Septem 011 secerdotes Itomae 0003. =
8110100180111 1011111 100. 1537. (
8. 111. 131. 31001011011303.
Romae 5800. 0303.
8. 111101111110111 001101 0000111010
100. 3350. ,
s. 10 011011100ιο orna 1111. ’
810010110101111111 011 100. 5033-
810111010. 0. 0. 0. (t) (pertinet 00 t
0011001 011 30001111) Romae 1333.

⁶ y. Mystico 0110101
3101000300000013335. 3331. 0033. 0011111111 31101111 3303. 0

311010010101 1111010011 1101001 2335. t

3351. 3353.

 

