111. 1111111111 1111111111. 11

3111111801. 3101. 1. 311. 1. 37-10

111111111111113710. 11-11 3115.

11111 1111111 1111111111 3731. 13-51

1111111111 1111111111 1111111111 111111 183 3117.

535, 111 111111 1111111111 55113.
11111111 11111111111111111111 1111- 3111111111. 1111111101111111111111111
111111111 31011. 11111111
111111111 1111111111 7138. 1.11.1.
1111111111 11 1111111111 1111111111 117.111111311111113.1.311111531.
. 153. 1. 311111111111111111111111 550.

1111111 11111111 1111111111 3173. 151. 1111111 3111111113.1.3111111530.

1111111111111111111111111111.31111- 1111. 1.. 311111 11111 11111111 551. 553.

111 3111. 111. 31111. 1111. 7111. 511. 513. 533. 510. 515. Q. 111111 Q.
3111. 1. 1111111111 511.
11111111111111111111-31111113111. 531 111. 11. 31111111 1111111111 5317.
111. 111111. 1111. 311351005. 53111. 1111111111. 1. 811. 1. 531.
1111111111 amplissimum 1111111111 11 537. 11. 1111111111 11. 1. 1111111 5318
1111. 3111. 1111111111111. 1158. 571. 583. 1.. 1111111111 1. 1. 11111111 511..
1111111119111111111111111111.1111- 303. 8. 1111111111 1. t. 8. 1. 11111111
115 0. 5350.
11 11111. 3111. 1. 811111111111111 303. 1..111111111111 1.. 1. 533.
1111111111 111. 5317. 311. 1). 1111111113. 1. 1111113301.
11111111 1111111 535. 5111 1. lna. 317. 1.. 3111111111.. 1. 31115353.
111111111111,111111111 111. 331. 3111111111. 1. 111. 5351.
3311.. 3111111111 Q. 1.
3. 1111111111 muneraque 1111111 1111111 ἓ gata: QQ.'⁸{·⁸30¹1⁰01!=11 mo·
mm· 313. 811. 311111111,
111111111 1111011111111111111111111111· 11. 11111111 1117.
1111113113. 318, Q. 81111111 3111. 311111318.
1111111111111 11111 11111111111 3373. 111). 11. aunum
0111111111111111111111111111111111111 31. 11111111 3317.
111. 355. 11. 11111111.
1. 11111111111 111111111111111111. σω. ἒ 333⁵? 3⁰⁸3de
0113151ῧῖ 5³⁵· ⁵³⁹· 5⁴¹· 5⁵⁰· ⁵⁶⁷· 1.. 1111111111 31. 1. 11111111311
¹)- 11· ⁵⁴¹· 111. (1131111111. 1. 1. n. 1111111)
11. 1111111 581. 111,
11.11111111111111111 3133. 3133. ρ, mmmm,
11. 111111111111 11111111111 1111111 11Ι pmcn„ 1111,
⁶⁸³⁶· 333. 1..11111111.
11. 1111111111 111111 3133. 111, lum„ 1111,
11. 11111111 1111111 1111111 3133. 1111 (Q, 1111111111 Q. 1. 31111)
111111111 11111111 510. 511. 0133, 3133. 1,, cmm„ 1„ 1, gun. 1111,
(11111111 31111111 1111. Pr. 111. 11111.) 111, 111, 111, 151, ⁶5³. 111, 0⁶⁸. c,
3111111111 11111111 1111111111 01131. 1111111511. 5351.
11111 11111111111 371. 1.. 31111111111111,
1.11.1.1111-301 3133. 11.3111111111111111111111.·
350-330 1131. 573.11.1.11111110.1.11.1.311111131
331-331 3135. 113137.
170-171 3131. 180.1..111111111..1.1.1111111515.
533-533 1133. 331. 11. 11111111. ’
713-713 3133. 111111111111111111111111570.
731-711 3133. 081. 1.. 3111111,
711 0110. 31111111113173.
713-750 3111. 333. P. Cornelius 11111111.

1. 311. 1. 3-13 5111. 31.1111111101111113113.
ffl- ¹9 ⁶⁴⁴⁶· m· c· ΗΜ,
11· 11 3113. 3131113115355.

 

