16 11. mmmm.

Lugdunenses 6766. 6666. 6166. 1616161111 66. 1667.
1111111111661. 111 1111111. 111611111111111606.
11111 6100. 11111111611111111116111111111116167.
1111 Pin 11 6111116161. 111. 6111611 (6111111611 1) Aug. 11111
1. 1111111111 66063 1766.
111111111 166.1 0670. 61161111111111 6666. 6606.
1111111111 66. 166111. 666. 6666. 0666] 111611111161116606111.
6760. 6106. 6606. 6666. 6766. 11161111111111111111.
6761. 6767. 11161116616.
1111111111 6660. 6666. 6666. 6616. 11161111 666.
6667. 66671. 1161111111 666.
66111111 1111611111 6666. 11111111 1111111
111111116616. 6616. 11161111 11111 ’
11111 6606. 6610. 6111616111111111 166.
11111 6666. 6661. 66601 v. 6111161111. 11111111111111 1111111111. 6166.
1111111111 1111111111 6676. 11111111 766. 6666.
11111 660. 6066. 111111116610.
11611617. 11111111111 6101.
6116060011 500. 010. 862. 1170. am. 611111111111 mm 5616.
6666. 6666. 3661. 6006. 6606. 11111111111116101.6660.
6066. 6611. 6066. 611111111106.·
6111116. 6161. 11111111 6671111. 6610.
Regio 611611611111111111 666. 1111111111 6161.
61111111 6660. 6111111111 67601.
6111111, 11111 11 11110116116111 6666. 66111161111111 1111111666.
6111111111 667. 6111111111111 666. 6766. 6666.
ungo 166. 176. 11111111 111111111111111 6666.
611111111. 111111 6666. 611116111111116607.
6111111 6160. 61111111 6666. 6610. 7006.
municipium 11111111 11111111111111 111161111111111116110,
7661. 1111116111 11111111 6610.
1111111111 6066. 11111111116111.
611111111 111111111 01111 6660. 1111111751. 116. 1560. 36616016.
6111116111 160111. 11. 11111111 1661. 6676. 6166. 6661.
1111111111 11111106. 5111. 61111611.
Mandalum 101611 106· 11. 111111111176. 0676. 6666. 6660.
6111111611 6161. 66616666. 6660. 660166006617.
1111111 6666. 6666. 111111 pro 1111111 6676.
1111111111 111 p. 6166 116006. 111111 1001.
6111111111767. 11111111111111 6676. 6666. 7161.
11111111 6610. 61111111 667611. 6107 (6). 6660. 6660.
611111116031. 6660. 6711. 66671.
66161111 1111111166. 11111111111 6660.
6111111111111111111116616. 1111111 6611. 6666.
111111 6666. Ad 61111111 6010.
61. 61111116 6166. 11111111 667.
Aa 6111111 6610. 611111111111111111 6116.
6111111111 111111 6066. 611161 606111.
1111111167061. 1111111111 6606.
11116111. 111111 1111111 6677. 6666. nurgum. 111 11.
1111. 511111. 5⁶⁵⁵· 1111111111. 1111.
66161111 6666. 11616111116666. 6007.111.11,ρ.11.
11111111111 1676111. 11111111 0667. 6610. 6767.
111111 .6606 61161111116766.

116111111111111 1776. 6666. 6676. 1111111661.
6001. 6666. 6116111160161 11. 11161111.
61. 6111111111 66716676. 6676. 16111111 166.
11. ’1111111111 666. 6670. 6111111111 600.
111111 6601. 6660. 6616. 6111111111 160111.
1111111111 1111 6606. Nur 6610.
11161011116616. 61111 616. 61110.

 

