555 Vm. RES· MILITARIS.
11515 1 3511515151 3533. 1511111111 3553.

11511111 5553.
115151 1111111 335. 3353. 3533. 3555. 5111551511 5755.
3313. 5335. 5353. 3351. 5553. 11135551 3513. 5353. 3553. 5333. 5353.
5533. 3353. 3755. 5353. · 5111515355 3333.
51515115 335.
115. 511151 1111. 1515513373·
11151151 535. 333. 1757. 3331. 3135.
115151 3111151111 535. 333. 3133. 3333. 5335. 5553. 3573. 5573. 5533. 5537.
3375. 3355. 3135. 3353. 3353. 11135151111151111513355.
3551. 3573. 5313. 5553. 5573. 11135551 3135. 3353. 3375. 5355. 5513.
5573. 3353. 3533. 3337. 3713. 5715. 5315.
3733. 3737. 3353. 3315. 5115151151535.
3115513513335. 55515115 1335. 5753. 5355.
3115111111 5113551111757.1335. 3331. 351151. 155111 3737.
3555. 3333. 3551151111513333. ·
3111151111 3511111111 5533. 1515111151 3573.
· frumentarius 3737.

11561375311111111 135515. 3333. 33533 W· ³³⁸³.

’11111151 11111111115515. 33333 ¹⁰⁰⁵ ¹¹³· ⁶⁸⁷¹·
115331115511115511. 1151. 1111151 3555.
11515 51. 31151. 3331.

35515 11353. 1333. 3353. 3757. 3351. 1113. 355. 3353. 5757.
1551511 11151. 73315. 1335. 1553. ” mh· m· ¹⁰35.

{2332 ¹³⁹·1²7¹‹i.³⁰a⁴o⁴da.³⁰⁴a⁸o{2.' ἷῖῗξ. 3353333·1533515566155155515

1ΞΞ1Ξ1ΞΞΣ1Ξ1111515. 1111. 5111. ξςζῗέξ,ῑὲ“ἓᾶζ3·5ὁῶᾜ
13151511 1155111 Antoninian· 3133. Μωωωω 1955553535·

,535154 ἓξὲνῐ fidens (1115511111 ξξέἷέῑοΐὲωἳῖῗξη5,

11111.11115111151111111111115151. 3333 ¹⁷⁰2·

155151135115. 153· 1113. 133·

Ι 15511111 3333. 5753.
51111. 313. 353515. 5333. 5755.

11511 11 1111111 151. 151. 151, 511. ²¹¹³· ⁷⁰⁸· ³⁸⁰⁵· ³⁸⁸⁸· ⁵⁰¹⁷=⁶⁸⁵2

1115. 1555. 5515. 5511. 5155. ί ⁶ mg, 005³.

33 33 1111311331. 311 11ῗ13.ζ·3.1.···············’···

1155511111 5313.
, 153511 v11 3755.
1151511 3111151 3753. 55515115 3753.

1151111 1111111 5111111551. 5155. :fgffiffffl

5533. 5755· 1113. 3311·
1111151 511 33511175. mm. 5558.

111111 5111111111 5511. ww ⁸³⁹¹·

1111151 (1551515111) 3353.

15515 1115155511 351115.

111111111111111 5111. 5151. 15515 {2ss 55915οΨ1·
⁰⁹²⁰· ⁷⁰¹⁸' 151. 11155. 511. 7313.

155151555551 3131111 7153. 1113. 1511. 7153.

 

