0 11. (mmmm.

1111111111, 111. 91.
1111111111, 111. 111. 1095.
11111111111 5191. 1519.

1111111911.

11111111 150. 5179. 0919.

A. 111111· 0917.

1. 1111115919.
111111111, 111111111115919.
111191.

1111111 90. 5005.

1111111111 511 11.

1111115910.

1111111111 9517. 0599.

11111111 9100. 9719.
1. 1111111 100.

111111111510.

1111111090.

1111111111,111111- 0091.

111111 1. 1111111.

1111111199.

11111111905. 5909.

91111 1111111111 11) 5909.

111111111 1099-

1111111 1505.

11111111111 9190.

111111119109.

1111 199. 579. 750. 799. 1191. 1195.
99719955.9701.9099.“9151.9900.
9191. 9051. 9059. 9001. 9070. 9999.
1990. 1991. 1901. 5919. 5151. 5590.
5599. 0001. 5111. 0151. 0110. 0109.
0500. 0509. 0501. 0101. 9991. 0999.

1111111111 99.· 1950. 1191. 0191.

111111111 9010.

1111111 07991.

1111 105.

1111111 5910.

111. 1111111111 9799.

1111111117. 99919571. 5919. 0199. 0997.
11111111 150. 119.
1111111111111111111111 1099
11111111 151. 909. 9155. 9911. 9179.

9501. 9709. 1909. 5919. 5119. 5199.
5190. 5155. 5511. 0101. 0991. cf·
9111111.
111111111 11111111 5919.
1111111111111111111 151.
11111111 190. 0501.
11111111 5099.

11111111 711.

1111111 (1195.

111111 9991. 5591.

111111119110. 5111. 5115.
1151111 0199.
1. 11111511.
11111111 0. 1979.
11111111 190. 1109995. 9799. 1019.
1905. 5101. 5195.
1. 1115111 1990.
11111011 111111 9091. 5909.

111151111 5990.

11111111 5191.

1111111111 99.

111111111111111 100. 5177.

1111111111 990. 919 911. 959. 570.
100. 5009.

111111111111 999. 5910.

1. 1111111909. 0117.

111. 1111111111 11111111 11111111 1111-
111111. 909. - 111111111 9011 os.
91111111.

11111111 0119.
1101111111 9770.
11111111 991.

ᾼ. 91111111111115. 9905. 5100.

1. 9911111111 191.“

A. 91111111115990.

1. 71111111115190. 11111 1111111

1. 7111111111 999. 9779.

1. 911111995.

711 11111111 91111111 1909. 9910.
111111. 9111111. 199.·

111111 1111111. 111111111151111911111111
9590. 9510. 9911. 9195. 1015. 0990.
1159. 1100.

111111 1111111. (1911111111) 1099.

111111111111111111111111111100990190. ἢ

1. Augustinorum 0591.
111111111111 1111 150. ³
111 1111111 9979. 9909. 9700. 5109.

1. 1. 1111 9907. 0501.

1. 1. 1111111511.
1111111111111111111111111,11111111111-
1111111111. 1111111 ·- 9755.

11111111 9195.”

1111111111. 1111111909.

1111111111 9909. 9999. 9900.

1111111111 111. 599.

9151111111 9959.

91111111 5119. 5155. 5579.

911111111 5910. 5990-

9111111 90. 9759. 9179. 9951. 9905.
9519. 9570. 9017 11. 1070. 5199.
5995. 0101. 0197. 0591099911.
1111111111.

9111115901. 9599.

91111111 75. 5100. 5109.

91111 199.

91111111119111111111 110111111111109

91111111 1111111 799.

911111111 109.

9111111 5195.

91111111595. 5991.

9111111111 1119111111 9110111115911. ,

9111111111 0910. ,

9111111. 111. 1911111111 (11111111111111
namn· 1111.

911111111 750.

 

