11. 1111111111.

Τ. 1111111 11 111. 11 11111111.
111111 1131111111 5333.
Τ. 3111113111111111111111153333513.
Τ. 1113111111 1111111111 1311.
Τ. 111 3111151111111 3513. ⁴
-T. ll. 31111111113313.
Τ111111(11111111)1 11111 1111111 11131·
1111111 5137. ,
1111111111111111 1137.
711111 31111111 11 1111111 1111111
111111111111 11111111 1111111113137.
7111111111111111111 111131113373. 5351.
Τ. 11111111 3333.
el. 1111111113133. 3753.
Τ. nymphaeum 3513.
Τ1111111111 3537.
’1111111111 1111 111111 3313.
Tolous 133111.
711111111711111111 1111111111111 1333.
V. 1111111 (l. 1. 1111111111 1111111111
1115111111 1313.

3. 3111111111. 3111111 11111.

1. 3111111111 1113111111ῑί 11111111.
3111111111111111 31511 3331.

α. 3113111111111111111111111111111111
eorum 11111111 u. 5357, 111. ·· lm·
111111111 11111111111 111111111 do·
111111 31111111 omullus 111111111
11111; 11. 11 11111111 511, 5111
Τ111111ο 333. 1331 1113111111111·
1111 1111111111 1531 3111131111
11111111 111111111111111111 11111111
1111111111111 1111111111 731. - 11
11111111 111111 11111, 11. 111331.

311111111 311. 511. 511. 533. 133.
131. 353. 171. 337. 753. 333. 333.
331. 1175. 113311. 3115. 3153.
3335. 3375. 3373. 3373. 3131.
3533. 3731. 333111. 3131. 3133.
3153. 3133. 3331. 3333. 3131.
1133. 1135. 1137. 1515. 1513.
1513. 5333. 5333. 5177. 3337.
3133. 1135. 3133. 7333. 7331.

. 71331. K. Pr· 111. 1111111.

111 111111 111111111111. 3113.

3111111111 1111111111 313111.

3. 3111111111 31311. 11711.

3111111111111111111111. 1131. 3111.

3331. 1135.
3111111111 111111 11111111 3115 (3.

ml 1111111111 ullu. 111111. 1111.

11οῇ1191111 1111111131 11 1111111111
1131. 1135. 1515. 1513. 1513.

1331111111 11111111 1111111111 1
11111111 111 1111111111 1111111111
1111111111 3311.

15

31111111 1111111111 11.· 531 .* 5331 11.
3117113113.

1111111111111111111111 11111111 luu-
1111 1111 11111 11111111.

3111113111 11 11111111 1111111111
1131. 1373. 11111111 111 1111111111

311111111 11111111 1131. 11331133.
3151. 3311. 3151. 315311). 3131.
3173. 5351. 1311. .

3. 111. 111111111111111111113313.

31111111 711111 11111111 1131.

3. 3111113311. 3351. 3135.
1111111311 1111111111 311111

31111111 molor 711111 3131.
31111111 31111111 molor 3133.
31111111 1111111111 3173.

Quo 11111111111111111111111111, Vo-
1111, 3111111111111111111111 111111
1111, 1. 5351.

(31111111111131111 1111111111111111-
111 1. 11111.

Augure· 311. 535. 511. 513. 513. 515.

573. 333,1. 311. 353. 355. 353. , ·

333. 133. 133. 731. 333. 333.
333· 1135· 1173. 1131. 1551.
1333. 3313. 3335. 3333. 3135.
3353. 3311. 3153, 3173. 3333
(= 1133). 1351. 5353. 5151. 5333.
5135. 5135. 5153. 5333. 5733.
3317. 3351. 1171. 1137. 3133.
3133. 1331.

Collegium 1111111111 311. 333· - 11-
111111 11111331.

Augurum 11111 1331.

Ausum 11111111 111111 Romul 0111-
113111 3133. 3331. 3335. 3113.
3131. 1333. 3131.

111111111111 1333.

3111111111 111111 1111111111 551-.·3333;
11111131111111111111 111111 111111-
111311. 353. 153. 133. 133. 733.
311ε337. 313. 1133. 11331133.
1133.· 1333. 3313. 3311. 3373.
3351. 3351. 3375 (uuor-l. 3335.
3113. 3113. 333311. 3133. 3151
= 3133. 3131. 1135. 3131. 3551.
3373. 3715. 5151. 1313. 3313.
3313. 13131133. 35331513.

Comum 111111111111111111.111. ¹ ⁴

111111111Χ71111111 735*
311111111111 1111. 13111111 111. 111. .
3111111111 33111111 111. 111. 3313.
(3111111111111111 1111111111 1. 1111·
1111111111 111111111111111.)
1111111.
3111111111111111111 1. epulonum (111
1111111111 111111111111111111 17. 773.

 

