111. 0110111111111010011111111. 11 ’

0011111111 1581· 811111, 1. 81110 Se
10110101 1111111. 0101111111111. Snnduudflgn 5810.
11101 Ρ. 158510. 8111011, 1. 8111011.
Ρο1000111, 00111111110111- 1881. 8111111101, 1111- 0010.
110101 0011 Ρ. 1885. 1080. 81111111,1111 - 1811.
11111 00111 Ρ. 1037. 8111110111. 11111. m. 011. 180. 500.
Deua 00111 0111 Ρ. 1888. 1500. 1510. 1810. 5081.
Bonus 01111881. 8. Aug. 1507. 0708.
Ρο1111111, 1011. 1101111111, 1011. 81118. Aug. 181.
1111111111, 111111 111011-, 8181. 8. 10011111101 1007.
Ρ11111111 5880. 8. 01010101 1500·
111111 8110. 8. 1115701.
1111011101 5757. 8111111 0515.
Ρ1110111808.· 1801. 5758. Satyrus 1180.
0111 Ρ.. 111101 110111011 57511. 811110811.
1111001 1111111111 0117. 8111101,1. 81110111.
81111 011111011 0. a. 011111111110- 8101111811, 1.
1111111011 111111. 1111 10111111- Sebethus 111710.
111111 101011010071. 811011111 188010.
Ρ10111(1) 5880. 8. Aug· 1881.
0101110111 1118.1170.1178.“1175.1171. 81111111 1870.
051010. 1811, 8. 1711.1 1888.’ 8. 101. 0018.
Ρ. 1101111111 111810. 8100110, 1. 01111 8.
Ρ. 01001111 1715) 8101111). 1118101111101111) 11110011.
Ρ. sermm 117111). 81111100) Aug. 1010.
1011100011 1810. 8111111 11111 1010111 11111111 1101.
10111011 572¹· 0012· 810111111111 11111888.
001101001008001 182⁶· 81110 811111 11111111111810.
Ρ. 11. 8111111111001111111 nd 11111· 8111101 8. 8. 11. 1. 1811.
11111111 11011111 1101111111 180. semo 8111110888.
Ρ. 1110. 81111111 011111111111111· 8101101 (111) 8111101 1858.
gum 8111111111 5800. 0101111111 11. 11111 11111. 1810.
Pronum! 0088. 0088. 5001. 1811.
0111110111, 0111110111 888. 0101. 8111111111011) 1888.
0105. 8110111, 1. 111110111.

X

00111000011,1.11111110. 8111011 711. 881. 850. 1877. 1880.
01111111 K. 111111. 0111. 1118101. 11. (8111011) 1880. (8111011) 1888. (81·
11111. m. 111. 581 = 0058. 11011) 1801. (8111011) 1805. 8811.
0. 11111101 1007 10. 8711. 5188. 0008. 100010001188.
001111, 1. 1110 0. 001100181110115887.
81111101, 1. 01111 R. Numen 8111011 1888.
11111111 0010. 11. 8111011 5888.
1101011 1050. 1. 011. 81110111111111115115.
Bobium ww Invictus 81110111881.
Roma 100188, 001. 780. 1800. 8171. 010111111111 8111011 11111101· 1887
5011. 7170. 7171. 10. (1)
11. 1111111 1771. 1780. Deus 1111111 8. 5880.
1110111. 5011. 801 8111011 1880.
Romulus 011111 508* 80101111, 1101111111.
11011111111115. 5007. 5808. 5008. 811111,1. 1101111118.
8011111011, 1101111011. 1. 1111110111. 8111100110110108.
81011111111111010. 81111001, 81111100181115817.
81011101 11001111, 1. 1. S. 81111, 1. 8011111 Aug.
· 81111101. 11, 0. 881. K. 8101111111. 8011111180.
111111. m. 1110. 1807. 180810. 811111110108. ⁴
11001115. 81111111 808. 888. 770. 1011. 1187.
8. Aug. 1171. 1577. 0188. 1587.1588.1588.1587.1118.1018.
8. 01101111 Aug. 188. 1115. 11171888. 0088. 0000. 0101.
8. 0101111 1808. 0008. 0107. 050110781817. 0701. 5700.
8. 0101111 0001111 11011111 7118. 0780. 5811. 5888. 1085. -8111101
S. 1131115808. · (0111.) 1018.

 

