' 11. 1111111111.

11111. 81111111· 3888. 8111111, 111. 11818888.
8818181111 8818. 8111111111888.
8818111111181 1818. 8888. 88888188. 811111 1. 8181111 8818.
881111111881181, 118111 888. 811111118811.
881111181 8888. 8111181118 11111 3181.
88188111181 8711. 811811181111 881 op.
81111118 138. 81181111 8818.
8. 811111118188. 8111111111 8887. 8788. 8887. 88881.
88181111 8888. 81111111 8188.
811181111 711. Comum 8888.
88111111 888 op· 811811818888. 8817.
811811 (8111111) 8818. 8111111111. 111. 8888.
8811811 8818. 11111 811111811 8783.
8811111 ougo· 8888. 81111111811818888.
111111 8811811111 8888. 8111111181 8888.
8811111181, 111111 8887. 81181811118838.
811111181181 8788. 8118181181 11181111 1171111118181.
881111118888. “ 8111111111111111 1188. 8188.
881111181111 1111111811), 111111111111 8118111 11111 888.
Borysthenem 788. 81181818818.
8111111 8888. 81181181111 8888. 8888. 8888. 8888.
8111111887. , 81111111118888
8111811 888. 8883. 81111111883.
81111 888· 8888. 8888. 8111111111188881.
811111111 8888. 811 81118111 3387. 8881.
81111111 8818. 811111 8188.
811811 813. 811111181 8188.
8118118111, 8111111888. 3888. 8888. 8111111 888.
8888. 81111 188 so.
cingulum 88. 81111111181.
81111111 8888. 81181111 8888.
811111118818. 8111111 1. 8111111871.
81188181111 8188. 8111. 11111111118183.
8118111 8888. 811111 11111 888.
8111111 8871. 8181111 1788.’ 8788. 8888. 8788.
81111 8818. 87881. 81811111111 8883. 8188.
811111111111111811111811111111811- 81111 8183. 8888. 8888. 8881. 8788.
11111 81111 8317. 8818.
8111811118818. 8818. 8888. 8111811111 11111118 8888.
8111111 880. 8181811111 188.
81111 887811. 8111111 8888. 8788.
8111811111 1111111 8381. 81111111 87881.
8111111. 811111 8818. 8111181111 8888. 8788.
81111111 11111 888. 8111118818.
8111111111 8117. 811111181111 1888.
8111811111 8818. comto 8883. 8888. 8888.
811 8111811 1111. Pr. 11. 111. 8818. 11111111111118188.
V. 8111111111. 11111111 1111111 8111111 188.
1111181 81111111 818. Goon 111111118883.
V. 8111111 Aug. 11111111 811111 8111181181 8837.
1111111 [11111111 8888. 811111181111111188. 88.
V. 8111111 1111 8181. 8111118888.
V. 8111811 11118111 1881181111 11111 81181 81811. 187. 8888. 8888.
111111 711. 8111811 (8111811), 1111111811111888.
8111811111 mono 8388. 8838. 81111111118 8888.
8111111 1111 8181. 8111118 8818.
88111111 3788. 81111881 1111118 8888.
811 8111111888. 3188. 3388. 8888. 8888. cyrno 887.
8111181111 8111181111, 1111111111 888. cypros 8188. 3188. 8887.
8111111 8883. regio 8. 8111.
8111118 8178. 8111111 3888. 8788. 8818. .

 

