viii. RES iminium.

1113. 3133.
333131113333.
coir. i 31. 3333. 3335. 3537. 3533. 3737. 31331113131 1733.

3333. 13111 33311313 3335.

31. 311 1133311733. 3313. armorum 3311113537.

31. 3111131111311311. 11. 3133, 1111111111131111311113335.
133113111131 3313.
13311 3737111.

1113. 3373. 5353.
11313111 3737.

coh. ii pf, ³⁴9³. 3520, ³530. ³574. 31313111,311111111111331133131.3333.
3531. 3333, 5⁴50. iiii. 3131311111313533.

31. 311 1111111 3333. flffl'rffl'

11331113. 133 3111333311 3533.
13113111131 3333. “
1111. iii 31. 333. 3335. 3533. 3555. 113131113533.
5737. 3737. 3773. 3333. 3133313335.
31. 3111131131 131. 111111313333.

1113. 3133.
11 1111131111 3357.
31113111 3353.
eoi. 111131.3131.3111.3331.3331(1). 31131113.
1111. 1333, 3715, iiii. 3113113131111131353311).

31. 3111111111 3357. 3373. 11111113313331.
13331 3333.

11111131 3333.
11111131111. 111311. iiii 31. 3775.

3111. 1. 31. 3373. 3535. 5313. 5173.
3333. 3333

ξ 313111111131 1113311 5173.

pr. 311 111111 111. 1111.

313. Vi. 31. 33. 33. 73. 33513. iiii! Ι
1111. 1111. 1111. 1111. 1111, 3333311347-

3335, 3335, 5333, 33113 13 31313111 3331.
pr, vllem· flam ¹554.. principum 3131311111311113131 3331,
31. 1111133. Tibur. 1355. 'fimum' 35¹⁸·

eoi-3331 ⁹⁸35¹22²⁸⁹³⁹532⁵⁵igi⁴34' ᾗῇ· 3511ξῖιῦῗῖ 13333 1111.
31113Ι 37733775· 3143· ι ⁹ ffifflssffirffin 1111
pr. 3. 1. 311111131 1773. ’

31. 13111131131 311 113111 iiio. :ffl⁸;¹1⁸4gmu⁰' ³⁵2⁰· ³5⁹⁰·

131. 311131. 1333. 3375. 3531. 3553. 1113. iiiiii.
3553. 3737. 3335. 3333. 3333. 1113113531.

’ 1113. 3333.

11313111 3313. 3335.
3111. Villi 31. 73. 3333· 3333· 3435· ’.3133313331ίῶ 3133113771.
3771. 3735. 3333. 3733. 1111 3311111 1511.
31. 311 113111 3313. 1313131 3333.

’ 313133111311111311 3771.

11111111131 3771.
“ 13311 3333. 3531.

3111. X 31. 73. 3333. 3533. 3553. 3333.
3313. 3331.

¹iiiii· 73. mo.
31. 311113111331. .
3111. 11313111. 1113. 3533.

 

