. xl. Am 166Ι 61661616 mm.

6111111111 m.

11111111 1116111111 6666
61111111 6166.
6111111111.111. 11111 6667.

1. 1111. 6111111111 111. 61111. 6666.

6161111111 6665. 6651.

1. 71. 61111111 611. 6666.

1161111111 61111111 6667.
Α 111611111611 6666.
611111111 6656.
6661111611 6111. 6666.

16. 61111111111661 11· 1166.
· 16. 6111111 1166. 1161.Ι
661111111 6666.
611111 6666. 6661. 6666.

1. 111611111111116666.

1. 1111111111 6666.
6111111111111 6666.

1. 111111111611111111. 1161116 111·

11111 611111 5666.
6111111165661 11. 6561.
6111111116561. 7666. 7665.
61111111 6661.

611111111 6766.
611111 111616111116666.
1. 1111111111 611111111 6666.

1. 6161111116 1111161111 1155, 6766

1. 11111111111111616.

p. 1161111111 111111611111) 7667. ¹

1. 11111 7611611111 6666.
6111111111161611 11. 11111111.
61111116 (11116665.
6111611111 6667.

11611111 1111611111 1116611111 11

’11111111 6666.
61111 1166.

1.1.11111111111111111 1111111 1111111

1111 1165.

111111111 111111111116111111 11111·
11111 1111111111 6111111111 6666.

1. 11111111111 1176.
1. 0111111111 1176.
1. 71111611111176.
6111111 6165.
611111111 6161.
1. 61 111111 1111111616565.

1. 61 11111 11111111 1111 11111111

61161111111 6666.

61111111 111611111116666.

6111 61 1111116676.

611111111 7666.

611111111 6767.

A 1111111 6111 7111111 611. 766.
61111111116661. 6676. 6666.

11. 11111111 61111111 1. (111. 1.)
6666. 6666.

611111111111111. Ι. 6667.
’11. 611. 11. 6666.

6111111611 666611.
pww mo 1 6111 71117111

11. 1111111111 1161 1111116566.
ι 611. 66.

11161111 1111111 mr.
11. 1 1111111616 m.
11. 1 66111 6656

11. 61161111116177.
11.11161161161111 1111111111661.

11. 1111611111111 61111 6111111-
111 6666.

11. 1 1161111111 66661

'’taglam'' 111111111611 ³

'hum ab.. mm& ς Μ· 61
111 6676.
11. 11111111 6566.
6111116111 6661.
11111111 11. 7676.
611111111111 1111111111 6666.
5666. 5751. 6667. 6656. 6666.
1111. 1111116151.
6111611666.
6111111111 5616.
716111 611611 6161111 666·
. 6111. M. 6611.
61111111 11111111 666.
1111. 16 1161111161 6666.
61111111 16 61111111-
111 6651.
6111111, 611611, 6111-
1116651.
1 1111611116666. ‘
11111111 6666.
16 1111611 61161111
111111 6111111111 6656.
1 1111611 611. 6666.
111. 1. 11611 11111116 6166.
11111111. 611. 1. 6676·
61111111111111 61 111111115666.
611111111 667.
61111116666.
11. 11. 6766 = 6666.
611111111 6766.
611111111, 1111111111 1611111111 6666.
6567. 6566. 6176.
6111. 1161111, 6111. 66. 6676.
61111111 6666.
61116666.
Ι11111 1 1111111111111 6666. 1665.
11. 1111111111 6111111111661.
6111111 1111111111 6566.
1111111111 11111111 6566.
61111111111111 6676.
61111111 6611.
6111111111 667611. 5176. 7671.
1. 61 1111711116671.

111116.

. 611111 6566.

 

