VIII. RES MILITARIS. 118

8188818 11. 8891. 1188818111 (8818881188181881888881
8188818118188. 8891. 888818 8881.
88881888 fl. 8858. 1811818818 (1181881) 888. 8188.
88881888 88188188118 11. 8895. (8118188188 1188888188) 8888.
88818811. 8891. 8888. 8887. (1.. 8881 8111. 1818818118188.
11. 8887. · 118888. (881881) 5581.
8181888888 11. 8878. 8888111888 518.
81818. 11, 88881 81. 5818. 81811. (8888. 188.) 888888.
8888888188188 8181118 81881. 88811 ef. Suebicum 818888811888(8881111881)
81118888. 8818. 8788.
88888818111. 8889. Suebicum (1188888) 8189.
888888818888 8888. ⁸ 18818888 881.
188818818811. 8888. cs. 818811118888.
’18188818888,8. 8188818. 11881188 8188818188118881388.
’18188818 8888118 881788. 881188 818118881881 188888. 1888 88.
7881888 8881. 8181881 88881888 519.
18181188 1881881118 11. 8881. 88118818 81111818, 8. 88118818.
81881881818811881. 11. 8811. Expeditiones:
vestimus 881888. m 1118881881 718.
181888888 8818118. 111888 1881881) 798.
1181188888 8118818811811. 8811. 8811888188 (118181881) 881. 5158.
8881185811.
········· 888188 (1181881) 8181).
, , 8811188(118181881)811.8811188(888881)
8. 1111118888 varta. 708.

18118881 8881111 8111111881 1188188 8881 8888888188 8181.
88881188 ,1811881188 1118818888 8859. nonnum! ³50⁹: 1858.
8871. (11 18188181 811.. 1881 188818177

1818- ·· 811888118 8551. 8581. 5181. ffl- 11111181) 8188.

8878. 8811 8811. 8818. 8888818 18188188) 788.

1881811888 881818818 ex optionibus leg 818811118888 1811888 11 81 1111188888·
111. 18881881888881818 8790. 81888 8919.

11881888188818875. 8588. 881188. 8811888188 8881881188 (11. 18188181)

1118818885.- 1111181 8781. 8177.

18111188 8188811818 8888811818818 8788. 1818188 (7181818181) 8181). 8188. 8581.

881181 88818188 (1881881) 8188.

18888818 1111. 11811. 8188. 88. 8881. (1.. 7811) 5178.
881588. (888881) 798.

1888818888 (11. 18188181 81 1.. 11881) 8818181188 (11· 18188181 81 8811881811)

1118118888 8881· 888818881888881188(1888881881)8811.

8818818888 81778 cf. 11188111. 888188 (1181818811) 885.

8111888188188787. 8881888 88881111881888 81 1188881888
(8. 8188111) 8588. 8881888188 888588.

88818881 8151. 88188188 118818 8 8188188881871888.
(88881118885181, 81888 881. 188. 7118181. 8888.
(1881881) 8818. 8578. 8198. 8771. 881. leg. 8111111911).

8777 1888188.18 armorum, 888888811818188
8. 888188 88888 8818811111118181188. 8711.
888118 1881888 181181188881881888 11188188 81881181 1988. 8888.
799 = 881818. 11888188 8811118881

8818811888 1881. 8. 8188181188 8811.

1181118818 (88818118) 1588381181. 88888188 88881 81181181. 8198.

Germanicum 771. 8518. 1178 881
(18188181 188 8111. (1) 7881) 8188 88888888 8818. 8818.

Germanicum Dacicum 1178· 8 188111181818817.

11188. 8585 88 1881888818 818188 81111188 7178.

18181888 (7888811881 81 ’1111) 718. Laborem: 81111818 8811.

7188 11818118 8881188 8578.
(Η8181881)881.· 11818115111888118188118817.

 

