11 tt. uouentpnici.

11111111 1111111111 111. 11111111 111. 1111. 1111. 1111. 1111.
11111111 1111. utut. uoto: 1111111. 1111.1111.1111.1111.1111.1111.
11111111 111111 1111. 1111111111111.
1111111111. 111. 111. - 111. 11111111 111.
11111111111111111 1111 = 1111. 11111 ott„ 1111· 1111. 1111.
1111. 111. 11111 111.
roo 1. 111111111111 111. roo 1. 1111111111 1111.
1111111111(1111111111111111. 111111 11111 111.
1111111111. 11115111. 1111. 1111. Pisaurum 11. 1111.
otto 1111. 111. 111111. 1111.
1111111111.111.1111.1111. 1111. 111. lotio 11111 1. 11. 1111.
1111. 1111. 1111. 11111. 1111. 111 1. 1111111111 1111 = 1111.
1. superior 111. 1111. 1111. 1111. 1111111111111111.111111111111.
1111. 1111. 111111 1111. 1111.
1. 11111111111. 11111111) 111.
11111111111.1111.1111.1111. 1111. 1111111 mergent 1111.
tuot. 1111. 1111. 1111. 1111. 1111. 11111111 1111111111 11.
111111111111111.1111. 1111. 1111. 11111111111. suto.
1111111111 1111. 11111111111 1111.
11111111111111 1111111111. 111111 1111.
1111111111. 1111. 1111. 1111111 1111.
11111111 voiono 1111. 1111111111111111. 111. outo·
111. 1111111111111111111. Poetovio 1111. 1111. 1111.
111111, ooi. 11111 - 511. 111111111111111111111111111111
11111111. 1111111111. 11111111 1111.
1111111111. 1111 1111.

’ 111111 111. 111. 1111. 1111. 1111. 1111111. 11111111 1111.

1111111 1111. 111. 1111111111) 1111.

11111111 111. 11111111 1111. 1111.

Patavium 1111. 1111111 111. 1111.
1111111 1111. 1111. 11111111111111111.

’ 1111111111 1111111111 1111. 1111111 1111. 1111. 1111. 1111.

1111 1111111111. 111. 11111111111111 1. 1111.
111111 1111. 111 1. 1111111111111 1111.
111 1111, 111. 1111. torritanum 1. 1111.

1111111 1111. 1111111111111 civitot 1111.
Peltuinum 1111. Pompeiopolis 1111.

1. 1111111 tout. 1111111111 osor 1111.

1111111111 111. 1111. 1111111111. 1111. m. 111. 11. 1111.

1111111111111111111.1111. 1151, 1151. 1111. 1111. uoto.

1111111111111111 1111. 1111. tout. 1111. 1111.
11111111 1111. J 1. 11 11111111.

1111111 111. 1. 11111111 1111.

iugum 1. 11. 1111. 1. 11111111111111111.

111. Vibio 1. 111111 11. 1. 111111111111111.

1111111111. 1111. 1111111111. 1111; 11. 1111111111.
1111111 1111. 111111 (11111111) 1111.

111111 11111. 1111. 1111. 111111111111111.
11111 111. 11111111111111111. 1111.
1111111111 1111. 11111111 1111.
11111111 111111111111. m. 111. 11111111 1111.

1111. 1111111111 111111 111.
111111111111111. 111. 11. 1111. 1111.
Potite 1111. 1111. 11. 1111.
. 1111111 1111. 1111. territorium 11. 1111.

111. tutu 1111111111111. 1111111111 toto.
11111111111 1111. Vt· 1111111111 1111.
11111111 111. ““ Praetorium 1111.
111111 1111. 11. 11. 111. 111. 1111. 11111111 mono 1111.

1111. 1111. 1111. 1111111111 1111. 1111.
theu 1111. 11111111 11111 1111.

 

