88 ΠΙ. nii. 6616. 7667606067617166.

G. 1611111111 1111116806.

s 6. 91111111 1111111111).
681111, 1681.

61111 1111111111111 6111111111
6. ungoru 1667.

6. imperatoris 5856·

6. Corsorum 766. 1659. 1717.
6. 6111111111 1719.Ι

6. 61111 11111585.

· 6. 61111111 111. 1661.

6. 111111161111111 1165. 0167.
6. Ausonii 11 Ti. Corsorum 080.

6. Ti. 61111111 6111 Augurii iiiii 11·

111116796.
6. Ti. 1111111 7637.
, 6. 61111111 numni 1611111111) 099.
,6. Ti. 6111011611111111111111 111111
1111111 5776.
6. 16111111) istu.
6. nt 91111111 into. 111. 6111. Τ.
’ 7111111111. 111. viii. 111. 75611.
6. Domitiani 111. 7161.
611111. 61111111611111811111111111111
111. 6111111111 611111 786.
6. irun- 6111. Τ. 11616111111111·
1111116956.
6. 11 111111111 11111111111191161·
6111111111 1718.
6.Α1111111 111111 811111 11111116
11. 961.
6. d. n. 6111116111111. 1791.
6. 11111111. 1017.

6116111111111111 111111111111 ,

6111111111 1769. 1761. 1765. 1768.
1879. 1965111.

6. 1111- coniunctus 11111 111111 11111-
1111716.

6. 11611 111111 tito. 1767111.

6.(1111111111 1761.

6. 1111111911111111111) 1766.

6.11 11111116111110617961960111.

6. 61161111 (11111111) 6961.

61111 omniorum, orouiuoinrunr 1111
6. popuii 6111111 1683. 1681. 5771.
G. 1111611111. 5666.

6. 11111111111196.

6. 1111111111 111111111111 1888.

6. 1111116111111111111 1680.
66111111111616. .

6. Leucorum 5669.

6. Noricorum 1086.

6. 1111111111 Ι1111111111 1111111111

6. 71111111111806.

61111 civitatum, coionirruu. muniti·
11111111, pagorum, 1111111111 111111-
oinoiium:

6. insuentium 1906.

6. 611111111111919. ’

6. 1111611111 6361.

6. sotiorum 6186 = 1908.

6. 7111116111 186.

6. 1111111111 Biturigum vitiatorum 196.

6. 111111116111111111111 1698.

6. 11111111 1111111 6111111111.

6. 11111111 6111111 6618.

6. 11111111 6111111111111111111111-
111) 667.

6. 11111111 0111111116601. - 0111111·
11111 tuti

6. 11111111 Puteolano 5190. - 61-
11111111111 0615.
8111111111111 1111 6. 11111111 Pu·

tooiunorurn 1161.

6. 11111111 71111111611111111111. ,

6. municipii Liiybitnnorunt 1691.
6111111111161. 611116. tutin
6. 1111111111611111 8111111111 5689.
6. municipii 8111111111 5776.
6. 111111116811111111 1669.
6. 111111111111111 1089.
6. nugi 11111 5116.
6. 1111171111. 666,
6. 1111111111 Urbi· cntinuo 0778.
G· 7769 Cha·- ⁶⁸0³·

6. 11111111 7158.

6. 1111116661.

6. 111 nutritore 1977 ro. ·

6. rnuniotoii 069. 1867 tn.

6. municipii nostri 5171.

6. decurionum 11 popuii 1777.

6. ordinis 1698.

6. candidatorum 5776.

6. piebis 1665.

6. 1111111111 698.

6. popuii 1111111111 111111116778. ¹

G. 111611111017.

61111 111111111,111111111111, nurnero· ἵ

rum 111. :
6. manumittit* 1966.
61 11111111 iii 1791.
6. 111. xiii 61111. 1701. 5816. ,
61111.1171111111111111.6111116196. ’

6. 1111111 1111. 11111191161111111 ;

1. 6. eq. miii. 5785. r
6. 11111111111111111 peregrinorum 6. 3
6. 1111111 nostrorum peregrinorum ¹

111111111111111111 1686.

6. numeri 11111111111111111111111796.

- 1111. nn. 5568.

6. 1111111611. 11111. nnn. 5168.
6. 111111111611. 1706. 6771.
6. centurion 1111. 711 Pr. 6581. ,
6. centurion secundun 1111111111 6756. j
6.,1111111111111. X Pr· 6866.
6. iurum 6176. i
61111161111111111 1111111111 6111111- ζ
11111111111111 5786. ³
Genii 1111111111. 1111111111111 1111 2
6.111111111111111111161111111111.
Tre. 6776. ’

 

