9.9. 0 .1 1151151 5155151551 1111Δ
151551 190. 7190.

rrum.

7 151151 5511151.
719 1155111151 parm-

9. 9. Q .c 11511515555151551011115· 719 11551155 9597.

11551 991.

7199917 1115111151 555955111111

9. P , Q . 7 1151151 515515151171115· 1751111 9919.

. 11111 7191.

9. 9 . Q .R 1151151 5555151551 95151·

551 panim.

7.1.1.9.9.919099.
7111 1151151900.
7179 715115151119997.

9901 7 11511515555151551715511 7179 1151555155 9399.

9701. 5951. 0519.

9.991151 511115 111.

9 99 155 51111151515595. 0759. 0791.

9.9.9 151 5151511 111151155155111111·

9.9.9.0.0.911150.

9.0.0.9.1.9.011399.

9 ,9 111111 11555111115511 1090.

99791 syrus 9571.

9.9 1155151 91111551 5711.

9 . 9 . 1151151 115115111 55111111.

9. 9 15515115151 0590.

9. 9 1551111115151 5511151.

9.9.71.9.015511 1111511155111
1151111 51515115 9979.

99.11.11111 151111115151 151105 9070.

9Ι 901 11551151 95111 9101.

9. 9.9 1511 1551511551 551511 0999.

S. 9. 9 15511 1511511 1551 9117 111.

97 1155151 1115551 9171. 0791.

97 111115 0509.

97 9111151 1109. 5009. 0999. 7009.

91 10515111 55111111.

9719111151 9791. 0990.

9717 111115 159 111.

9717 9111511901.

9711, 9791. 97911 9111111151111551
pamm.

97. 1199111115 5111111111515 9907.

9719 111515111 55111111.

971.. 170 . 11115551 15111151115511151.

979 1155151 1115551 0791.

97917 1111151 1190 111.

111. 1 111 1151 11111 11111 5511151.

97 . XX. 1199 111115 1151115115 5111-
111111551 0509.

9.71151101515575 0505.

9. 7 151511151 1151510171.

9711111181.

9711119 15551111 9019.

9.711. G 115115111 55515115 151. 1,

97715015151 011, 1039 111.

8.er 1151 11151· 1395.

9711 Summanus 1100.

9711 Ι1110 rub 1515511115 1909.

S. 79111 1515151515 151515 551111
115151 5111115 9107.

9.7.7.11111551111111151119551.

7 tergum 1559511.
Τ 7551551155.
7 11155551 1010.

7110 1115111151 0115.

79119 11551515 1991. 1999.

7119 7111511111 111551 55111111.

7711111 111515151515 1511111511

7799 1151151155] 1300.

799. 71199 1151111151 9171. 0791.

71197 11111151515511055.

71197111 . 1191 1111551515 11115511 111.

7997 . 190 1111151515 1111111 1999.

7 .7 ,C 1115155111111515515111113595.

7. 7. Ι 1111151515 11111 151111 07.
0790 1111 51. 107.

7119 75111 9500. 9591. 0171.

71. ’719 715111515111115.

719 1115 9500.

717 111515 1051.

7.,11 1155111151 11111151119907.

7.11.0.7.9.111171151 5115511
15515. rt 111551 9999.

701.1) 751511 domo 9551.

7017 155151 9999.

709 155111151 9900 511.

Τ. 9 1111151515 551511 9099.

7.9 1115551511 551111111 1090.

7. 9ώ71011111151515 5551 1511115190.

79 7115151 0930.

711 11155551 1570111.

79 111111155519595. 9003. 0010. 5010.

79 1115111111 9171.

79191 9999.

79 . 1700 155115111551 Am· 0909.

71199 71151510990.

7.9.9.9.9.1115905.

79. 7011 7111151 1511111115151 9909.

79111. 911 111551 91111151 5911.

7917 111515551151 1155.

711. 117 11155551 1105111151 1000.

79. 1111 rr 1511115111 51111115

’711 . 1111..1 ,9 11155551 1111111551 1 55.
5515 9010. 0095.

79. 91 11155551 511511 5511151.

790 7155115551 111551, 55111111.

7.9.Ρ.0.9.7.7.Ι. 1515155111·
renem, 11111, 1111151 1111111111

7.7.1.9 1151 11111 11111 1111759.

7. 7 111515 5151 3910.

TVB 11151111 9179. 0511.

 

