1 1. NOMINA.

1111111111 quo 11111 oum 1111111 111111- 11115111. 5115. 5115. 5551.
111511 innuantur: 11111 5155.
15ὃ115155ὲ55171. 1715. 5551. numinum 1111511111 antam 1111111
11111 11 5151. 5715. 11111111111111 51715 1111.
111 111155. 51. 111111. 11111. 515. 1111111111111111111111111111111115115.
qui 11111111 5715. mutuus 1111111 5555.
qul 1111111111 5155. 5515. 5111111111 5155. 5115. 51111 1111.

11. GEOGRAPHICA.

1. 11151 Roma. 1111111 1151111111 1151.
1151111551.1155.1151. 151515155515. 1111111111 1111. 11. m. 1111111.
5515. 1551. 1555. 1511. 5715. 5555. 1111111111 1111. Pr. m. 1111111. 1111. 11111.
Urbs 111111 551. 555. 1155. 5151 1111111.1111111111111115111.
5151. 5555. 5155. 1111. ι. 1111. 5155. 5155. 5115.
R. 1111111 1155. 11111111111111111111 dunum 7515.
Urbs 11111115. 1111151. 5555.
1115111111 1111111 1551. 5551. 511115. 11111111111111. 11 1111111111
1115111. 1111111 111. 5551. 5555. 5555.
Urbs 111111. 5. 515. 5155. 5155115111 5111111111111115.
51111 Urbs 55. 5551- 5555. 51111111 111111011111115555.1515.
11151115. 5111111. 1155. 511111 1111111 1111111111 5551.
111111 511111115111. 1155. 5555. 11111111111111111. 5555.
5111111111 55. 1555. 11111111 01111111 5571. 5515.
11111 v· 11. (1151111151) 5555. 5155. empus 5111111111111 5517.
111110. 11. 5555. 5555. 11111111 1111. 111111. m. lul. 55111.
lom 1111111111111 111 1111111 5557. 5111115111, 111111111111115555. 5511.
5555. 1515. 5115. 5115. 1555. 7115. ’
5. 1111111111. 111111. m· 1111. 511111111111 5555, 5551. 5555.
· 11111111111111111111111.Ρ1. 11. calmum, pf, m, 1111111,
111111 11 soro 1111151111 (1) 15. 511111 1111111111 5.
Neptuni 1151111 Flaminio 51. 1111111111 51. 15551115. 5515.
11111 Pu 5117. 1111 11 111111 equitum singularium
5111 Pu 1151111 1111111111 5555. w. 11 11 1111111111.
sutum! 555. 51111111 5555.
thematum 11 1111111111 5555. 5151. 5111115111111111111111111 11111. 51.
1111111 1111111111 1515. 1115.
1111 Cumanus 111115ιί1111 1517. 1111111111 pamm 51 Rau. 1555.
111111 1111111111 5555. 5111111111111 5.
1111111 1111111151. 1111111111) muln· 1155.
11111 11111 5555. 511111 5111111111 1111. 5111. 11111.
. Appia 555. Columna 1111111111 55.
’ 5111111151. 5555. Comitium 1111. 1111. 1111111.
511111 1151111111 51. 55. 55. 511111111111.
1111111155. 55. 51. 1. 1111111111 7555.
1111111155. 51111 5111111 1111. Pr. m. 111.
11111 Tepula 1111111 5555. 5111111111 5555.
’1111111 15. 5551. Fon· 111111 1111111111111 55.
virgo 155. 5515. , 5111111111 51. 55. 51.
1111 1111111111 5551- 511511 151.
111111 1111111151. 5555. 1111111111 55. s
1111111111 1551. 5555. 5111111111 1515. ¹
0111 1111111111 11 111111111111111. Forum 111. 5151. 1
5111. 11111. m. 1111. 5111111515.
11111 1111. 11 cumpo 1111111. 1111. Esquilinum 5515.
11111. m. 11111 1111. Pr· 11. 111. 1115111111 1111. 5111. m. 111.
1111111111. 11 capitone 5555. (1111111111) 1115.
1111 11111111 lu 1111111 111111 5551. 1111111111 1111.
51111111 5511. 1111111111 55.

 

