iii.. iiii. 8818. iiiiiiomiiicn VARIA. :oi

i. 811111 1310.·

i. Voiidioo 131111.

1111111 ponii 1111 inminutum:

1111111111 881. 1188. 1170. 1171.

1111111 1880.

1. 111111111111111 1888.

i. 11118111 111. 818. - ,

i. 11111111 888. 1818. 1810. 1811.
1811. 1318. 1817. 1318. 1701. 1113.

iunones 1581. 1583. 8110.

i. 111111111 1818.

i. 8181111083. 1081.

i. 1111111111 1811.

11111111 111. 11. 1. 881. 1111. Venno. 11.
81111 oilnoio. 118. 388. 817. oio:
588.“ 788 881. 1118. 1178. iiii.
1818. 1188. 1885. 1811. 1881. 1883.
1880. 188811181118. 1111. 1187.
8870. 1880. 1118. 8358. 5858. 8718.
8117. 8115. 7181. 111111 11111 11.
111. 111. ii, p. 881.

11111111018111111111111181.·18811.
181. 188. 188. 818. 838. 818185.
588.’ 888. 888. 815. 808· 887.
818. 881. 871. 1078. 1178. 1810.
1111. 1111. iiii. 111811711188.
1878. 1888. 111811.111811.1858.
1188. 1850. 1881. 1885. 187011.
187518711888. 1881. 171811.

· 1788. 1808. 18081880. 1881. 1817.
1880. 1888. 1051. 1088. 1111. 1111.
1188. 1118. 1188. iiio. 1518.ι
8778. 8818. aonii* 8185. 3185.
3181 = 1811. 3881. 8888. 8111.
818111. 3818. 8817. 8888. 8781.
3858. 381818181881. 18881088.
1188. 1808. inin. 1877. 1878.
5187 (ii. 5111. 5137. 5111. 8113.
5118. 5171. 8171. 8878. 5188. 5108.
5181. 8188. 5881. 88801. 5853.
5851. 5885. 5887. 5778. 58085881.
8183. 8581. 8888. 8888. 8888. 8881.
8881. 8708. 8718. 8780. 8788. 8888.
8887. 8888. 1011. 7011. 7137.
7381. 7118.

i. 0. ii. 111115810..

1. 1111111111 5811.

1. 0. ii. 111111118118.

i. 1111111111, 111111111118855.

i. 1111111 5188.

1. 0. 11. 11111111115811.

1. 1111111111110. .

1. 11111 111111111118.

i. 11111111 111811.

1. 111111111110.

1. 0. 81. 1111111111118111111111111·
111111 nnn. ioriiooiinorum ioiioiiii-
1111111111 imporatorum 8813.

i. 11111111881. 8088.

1. 0. 11. 1111811111 1111. 8811.

i. Aternus 111111.

1111111111 8888.
1.(1. ii. 11111 81111111 111111111-

iuni 5818.

i. 8811111111 5118. 5817.

i. 8111. 1118.

i. 81111111108. 1188.

Ιο 0· Μ· Momm· ’Μ’ ’ ’

1. 111111818818.

i. 8111111 1858.

i. 81181111111808. 8871.

1. 811111 1111.

1. 811111111 8087.

1. 0. 11. 8111111111, 1111111111111·
11111 11111 81811111107..

1.0.11.11111111111111131101.1181.
1818. 3511. 8801. 4881. 88181.

1. 1111111111111111811 111111 1118.

i. 0. ii. 11111111111 1111111111111
8111111111 5818.

1. 111111 1117. 1117 noi. (11.) 1881.

i. 82611. 1111111111111111111102

i. 0. ii· 81111111111118.

1. 111111111888. 1181. 118111. 8818.
5811. 8751. ’

i. 8111115811.

i. 811111. lioiioiionni) 5818. 5811.

i. 8111181111 815. 88115888. 8758.

1.0.11111111181111111181181.1188.
1188. 1188. 1188. 1581. 1888. Δ
8818. 5818. 8518. 8881.

1. 0. 8811181111) 87. -

i. 0. 81. 11111111818181111 1188.

1. 10181111 11111. 8811811811) 8013.

i. 0. ii. 1111118111 1188.

1. 8111111 (111 8111111) 1187.

i. 0. 11. 111111111811118888. ’

1. 1111111111 531. 1111. 8088.

1. ξ,1311111111 8111111111888. 1188.

i. 1³. 111111111111 omniun 1188.
i. 1111118111111 5888.

. 1. 81111111118880.

i. 0. 8. 811111. Fol- 1188138818.
1. 8111111. 8111. 111111 1111.
Gemino· 1. 0. ii. 1111·

1. 8111111111.

1. 8.11. 8111111118. 8881.

i. 0. 81. 88111111111111118. 1118.

1. 0. 8111111111111111111. 181711.

i. 0. ii. Hoiiopoiiionoi 11111111111
imperii d. n. Gordiani pii 111. 1111111
111. 8881. .

i. 8111111111811) 1388.

i. Iontioi 88331.

i. 11111111 1188. iiiiii. 5885. .

1. 8111111111111111 11111111111111·
11111 imp. 8111. ii. 11111. Antonini
3¹35 'Do p· Ambo Ml· nub· ml·

 

