11 Δ 111. 111. 1111. 1111111111 11111.

Ν. 1011111 1111. Ν. 1111111 11111 11111111 11111111
Ν. 11111111 8811. 5081. 5005. 0815. 811011111111 (ele) 111. 1081.
7050. Ν. 1111111111111 1035.
, Ν. 11111111111111011.’ Ν. 1111111011.
Ν. 11011 1111. 0111111111, 1. 1111 0.
Ν1111111111, 1. 111111111. 01115111 1557. 155811.
ΝΙ1111,011-1017. 0111111111 1111. 1110. 0111. 1111111.
Ν111111115857. 5858. ‘ 11111. 11. 111.
1111111 1111111 1081. 5805. 0111111. 0111. 11111. 111111. 11. 111.
1111 Ν., 1. 1111. 1500.
Ν11111, 111111011- 185111. 0.111. 0115.
Ν1111101 5818. 0. 011111 181111.
Numen 1011111101011. 01111 1581.
Ν. 111111. 101. 177101. 008. 080. 01111111, 0111 - 0171.
1808. 1188. 8101. 8858. 5110. 0111111881.
5118. 5858. 5878. 580011. 11111· 01111111, 1. 1111111111.
1111111 11111111. 011111 1885. 1880. 1700.
1111111111. 118 8811801. 18011. 111111111708.
1008. 1801. 1188. 5878. 0587. 1111111855. 1180.
Numen 111111111110111111 57581. Ρ. 1111111 18111.
Numen Capuanum 1181. Ρ11 18153
Numen 011 praesentissimum 5151. 111111115710.
Numen deorum 111. 805. Pentheum 1110. 1111. 1111. 8881.
Ν111111111. 110111. 011. 177. Ρ. 111, 1111. 5818.
Numen divorum 1111. 5108. 11111 1111111 Ρ. 5818.
Numine 01111111 1081. Divum Ρ. 1111. 1118.
Numen 0111111111] 1181. Peme 1778. 1001. 81511818.
Numen 011111111. (1111. 0111. Ν11· Ρ. 111. 1778.
111111111101111.1111111) 1585. 11111111, 1. 011 1.
“ Numen 011111 1111111111111111811- Peter 11111111 1858.
1111 111111111 1510 = 1518. 111 1170. 5350.
. Numen 011111111111115. 158οΞ 1111111101111111111111111111011-
1518. 1001. 11111111. liberorumque 1111710.
Numen 011111 Augustorum 100811. Ρ. 1111111 11. Ρ1.11.111.11.11111.
Numen 11111111111111 1770. 11. 11111. 181011. 1815. 8115.
Ν111118111111111111. 0111. 11. 11· 111111, 011 - 1850.
1111111111111 111. 1111111 111111· Ρ. 11111111 185511.
¹ 1110551. Ρ1111111588.1075.
· Numen 1111111101 (11111111 780. 1111111111, 1. 180. 350. 18701077.
(Varie 11111111 numinum 01111111. 187111555770. 5881. 0118. 7111.
110111 11111111). Ρ. 011111 111111110110.
Ν1111111, 011 - 1010. Ρ. [1111111111 1118.
Ν1111111111,1. 11111. Ρ. 11111111587.
Ν11111111 180105. 1111. 1101. 1017. 1111111111, 1. Ρ111111111.
1018. 1111. 1800. 5108. 5701. 111111111111108081.
5705. 7105. 1111111 111. 11, 1. 880.
nene Ν. 7118. 111111111110187. 1111111011111101-
Ν. 11001 1111111111 101811. 111111111111111111111 11. 1111.
Ν. 111. 1081. 1888. 1111. 0850. Ρ11111 1710. 1811. 8181. 1577.
. Ν.1.11111111111111.1017. Ρ. 1111111 1815.
Ν. 0111111 5758. Ρ. 1111111111 111101111118810.
Ν. 0111101111 5707. 1111111111 1111111111111 185711.
Ν. 11111111 5758. 111111171. 1801. em* 1818. 5711.
Ν. 0111111111 1111. 11111111 Ρ. tricorpor. me*
Ν. 1111 1100. Ρ. 111111111178.’
Ν. Ν1111011, Ν11110115701. 5700. Ρ. 1111111111 1100.
· Ν. 11111 1081. 11111111110.118.18111.11111111Ρ.
N· 111. 1111111111 5708. 1111111501. 150511. 1508. 1571. 1888.
11111111 Ν.111111111 1111111111) 1018. 1085. 1118. 1188. 8171. 5781. 0118.
Ν. 1111 1111 11111 1111181011. 11111111 1011. <
Ν. 11111111111 101811. 111111 1111111111 1071.

 

