11 18. 111811. 8118818811 11111. ’

81818. 878. 1811. 1715. 8187. Μ. 11181 18111181 8. 1811181111 71111.
5811. 811 1111881 1111 (11111111. 11111111)
’ 11111 S. 8181111111 11) 7118. 1888.

1111118. 5711. 8. 81118815778.

81181811118111811188111115715. 8. 18111111 11. 8111. 88111. 11. Aug·

8181111 (1111 S. 1188. 8. 18111181 111. 1. 81115111.

8111881111111 1581. 8. 181111 1888. 1881.

8. 111. 1588. 8588. 8855. 7181. 8. 1181111111811881.1888.

8. Aurelianus 8588. 8818111111 1888.

8. 11111181 1178. 1811. 881, 1181 1118818118, 181 1111111 11-

8. 81111111818118 5718. 1811111 17813 11. 1788.

8881181 8. (1118181111 5711. 8811111111 8858.

8. 8111811811888. 8888118188.

s. 18811111111 5718. 81111111815818

s. 18811111181 Larum 8111118111 (1) 811111811111111111181. 1758

1588 188511. 1888. 8188. 88881158.

s. 181181 1811. 5718. 5888. 5858

8.(118111811181111888. 8. 8111111 1888. 1888. 1115.

8. 8881111111 1881. 1888. 5718. 81111 181111 1888. 5881. 5885.

8. 118111815717. 81. 181. 1811111885.

,8. 8111118181 5718. 81. 11111181. 18851887. 1888.

8. 18111181 1888. 5718. 81. 811111115.

S. 511111111111881. · 811111, 1. 81181.

8. 1111811111 1888.· Styx 7855.

8. 11111118111887.· 81111111 8888. 8188. 8181.

81111118. 818151118118. 8111111 (11888111118851.

8.118118111111111111811111111111, 81111. 1111-(1111818111051 101111·

. 11111111. 1111111111. 1118111111... 81111 8111111111) 5811.

111111,11811111811.· 8881811818.1111111.1111.8111111. ³

111818 1811181 1811. 1181111881818·

8. 8111 111118811888. 8, 11111881.

8111181 8. 11111111815758, 811111. 1. 8111111111. ¹

8. 111811111 1888. 8118881188111.

81811818.1118111111511838518.811111118118111115815.

518111888815881591 1511. 8111181188111111,1. 111118.

1888. 8881. 8888. 1888. 1858. 81111,1.11118.
1857. 5758. 8817. 71811181 8858.

811881111181818588. 8181181.1.11111111Τ.

81111111111818. 1888. 5758. Τ111881881 8855.

8. 81111181 1885. 811181181 8858. 8857.

S. 811181. Τ11111 (1111 Tmo, 71118 7111111 7858.

181811 ponus 1111181, 111 1111118111 7111111118 1111188818 11711
181111) 5751. 811181 1888.

8. 7111811111811. Tellus, 1111 - 1585.
811118111 8811111181, 8181 - 8818. Τ. 11111111 5788. ’
8111111111 7118. 7117. Τ. (8111111181. 5811. 1
8118118817. 8818. 8818. 71111111111558.

11118. 5818. 81111111811. 5878.

8111118. 88818817. Τ11118111111588.15818885115788. 1
81111111 8811111.1. 1118. 5781. 1
881 88. 88. 881. 1888. 1881. 1888. 8111111111 51818.

1888. 1888. 1887. 1888. 8851. 111181 Τ. 1818.
8588. 8181. 8185. 1888. 5858. Τ. 1111111851.
5858. 5858. 8881. · 7818111 8858.

neu· 8. 1181. 1885. 8855. 8885. 7818111871.

8885. 8151. Τ81111881181. 1. 81118111 Τ.
8. 1811111118. 1818. Toum 111111.
8. 1111111111 1818. 8181. 78111111,1. 8111181111 Τ.

8. 8111181181 5511. 5515. 8811118111. 1. 118118 Τ.
111118. 81111511. 1818. 71881811111111888. 1
1). 8. [1111111811111811. Tm 1111, 1. 1111. 1

 

