κ111

1. 011110100011 0180 (i).

1. 1111101 0500. 0508.

1. 1011111 0508. 000711.

1. renota 0508. 0500. 000711. 0508.
1100111010187. 7080.
1111001111 0000 = 5080.
0011101001 0188.
1110011101 0180.
1110111110 imbricibus 0100.
, 1. 1111111101 0181.
1000111101 0015.”
111101111οι 00 111110110100. 0100.
Foaeor 0800. 0005.

0 1101110011 0805.
10111001 0001.
8111011101 0808.

(111101 1100101010500.
8001011101 0001.

1. 0111011 1110000.

1. 1011100001 81110111 0100.
811011 Ti. 81011111 000.
8110111101 0107.

8110100101 8800.

11. 111111. 810111οΙ 0108.

- 11111 11. 0580. 0580. 0500. 0570.
8811. 0151 oet.

1101111111. 0558. 0500. 0580. 0500.
0007. 0150. 0180. 0107. 0100.
7017. 7105.

1011. 11. 81011111 1001 011101 0570.

01011001010 10 00111100 0158.

inmitia 1001 101101 0170.

101111101 00110108111101001011101, 11100.

01. 1001110.

8100011101 0108.

0101101101 0005. 0005.

Grammaticus 03011. 1000. 1010.1
8110001108. 1100. iteratae.
1111001 1107.

11110001011101 0100.
1110111101 5088.
1111οο10101 001011.
Hieronica coronatur 01110011110000
01001 11. 0007.
0. 011 coronatur 0101111111οο 000811.
b. aoiua 10 Urbe 001101101011110110
1011011. 00. 00. 801011 01 01111-
01000011. 0007. 81. 0101000111.
11111101 = 0111010801.
· 11011001000111110101010500. 0500.
1 0010110110000.
11011011ου1 0000.
001011. 0011. 0008.
00 01111011 0001.
bruggiolgua 00 010111 8111001011οο
01100 0800.
011111101 1111011111 1001011110 0101000-
tium 8101. 0. 0000.

XI. 01110801 orricio Pnivitrrt.

¹⁸⁸¹⁰¹2⁶3 10110011 1010111111 801101

1100110111. 81011111 001.. qui 1111111111 ’

invenit eauaitiieoa inuitari 8188.
10100001 0070. 0070. 0077.
inaurator 0001.

’ 101111010000.

i. unguent· 0008.

1010111101 0000.

10111 1010111 ’101. Mi.

interpres 0000.

1. 001. 0810.

101111111, 001. i, 0001. 0080. 0801.

0 tumentia, Neronia 8101. 001. m).
111111 10100011 087011.

10111 eouauitua 0870. 0800. 0801.
1011101 0008. 8000. - 1011οι111101
1111010101 100011. 7085.

111011101111111 0150.

0 111001700.

1101101001, 8111. 0. 101. 1000111111-

Gaea· 0. 111. 01 1010111101 11111-
0111110080.
111111011081. ·
i. 001100 810101110005.
Ι. 0111111111101 0000.
1. 10000111010007.
11010, 1101010000. 0800. 7087.
1101100001 81011111 u.. 001, 110. 0800.
11011001 0800.
1001111001. 0550. 0170.
i. 10 arana 1011011010 1101101 0551.
110111011101 0000.
11110101011101 01 11001111010011010111
1 1111100 101101. 8000.
1 11110101011 811111111, 8101. 0. 111.
1010101001, 0000,
1111011101 0000. 0800. 0000.
110110111010871. 001. 101. 0080.
101110 Drusi 81011111 101111010011101

1001111 0
1110101 10111101 7088.

1011 0000.
100000011111 1011111111 0000.
1000000111101 r. ’110 (ripae Tiberia)
11011111 0010.
Librarius 0010. 0807. 0005. 7170.
i. 10 0111. 1011111111011010010.
011111 110111101 00 11011 111 0011.
1111111101 0101010 nioatri) 0878.
i. qui tentamenta 10111111 10001 xiv
1100 10111 01010110 7080.
Ι. 01101001 805.
Ι. 1111011101 Graecia 01110011 0870.
8111111010 minora publiea ei 1110111·
0111 11.
Ι. 10 uranum 0870.

 

