11. 1111111111. ’ 11

517551111111511. l'cna 1 2217.
51. 1111111. 71. 51111111 111. 5111-
111116211.
11. 11111 511111151111111113551.
51111111· 55.
11111111 2215.
11. loma 1111111111111111111111-
1111111151.
51. 11111111 Aug· l. 1111111119111·
1111112213.
11. 51111151 51111111 2220.
F!- 11111 1111111111 5111111· 5599.
Aua. Tauria. 5555.
1111111111 5052.
111113555.
51. 01111111 1111111111, 5111111,
111111111 111111112222.
51. 111117115111111 1111111111 1111-
1111111111111110111115559ε5906.
51. 11111 Τ111 0111117175.
Fl. 11111111 1115111111111112221.’
Fl. 11111 1111111511111113555.
Fl. 11111 71111111 11111111 3595.
111111111 73.
5111111111· 65.
Fl. 11111 1111111 Aug. 51111113533.
51. 0111 111111111 5111111 3253. 1005.
5111111111 11111111. 5505.
0111117172.
Pl. 11111 11111111] 111111111 011111·

51. 11111 511111 0111112201.
fluminales 1111 Tarracone 155.
5111111115131 1311111111 3932.
51. Aug· 511111115150.
5111111111 51111111 3251.
51111 11. 11111111 11111111111111111·
111111111111 Medelitanorum 5315.
5111111111 1111111 11. 1111111111 215.
51111111 120.
111111 210511.
5511111111 2227.
9111111 11 5111111152.
51111111 2229.
71111111 3272.
51. 11111111 111. 1111 Aug. 11111·
1111111 5223.
51. 11111111 51111111 11551.
fl. 11111111 Emeritensis 1111111111
1111111111 5151111111 2223.
Fl· 11111111111. 75111111115003.
51111111111 dearum: ‚
· 51. 11111111 1111111115111111111111

111. 111111 11111 111111. 2225.

51. 5111111511. 111 11515111111171.
5111111111 1111111111 11 Augustorum:

51. Aac. 51111111· 2230.

51. 111111 Aurum 1111111111 355.

51. 11111151111111 1111115222.

11. 1111111151111111111111111111775.

Sigalion 5. 01111 111111 Pac 5111111·

51. (acccc 1111111 511. (1111111511
1111111111 Aug. 5111111· 5002.

1511111111 1111111317.
01111111111115111111111111111113222.
111111111 (5111111, 51111111, 5111111111

clanii 2297.

5111111111 5025.

Virum* 5075.
11. 111111111111111112300. 5955.
11. 11111111511111111111 6025.
11. 11511111 51111111· 2299. 5959.

1111111111· 2295.
11. 1. 1111111111 1111111111· 2330.
11. 1111111111 1111111· 2302. ,
11. 1111115111- 11111111 2301.
1111111111111 Aug. 57921.

11111111111111 (1.1..) 2175. 2177.

2170. 2252. 3051. 3100. 3215.

3550. 3921. 5126. 5155. 5971.

5005. 5759. 5932. 7105.
1..1.11111111111 2175. 3175.
91111111[111111111111111111112175.

91111111 111111·11111111111),11.111·
11111111 11111111112170. -
Ροὲιίιιὸῗυυ 1111111111111 1111111

51111111 1111. 51111. 2175. 55211
11. 11111111, .
1111111. 1111111111 1111111 2172.

Lupercus 1111111111 2555.
1111111111 r

51. 5111511111 1111111111 1535.

M. 5111111511 51111111· 353. ,

11. 5111111111 5151111111111115105.
0111115111 0091.
51111111 3310.
51111111· 5092.
Hadriae 3015.
11111115· 3955.
111111115111111 2255.“
7111111 2510·
11111111 1550.

51. 511111. 1111111. 1111111111 5003.
51115111 5111111111 11111111111115
,11111115511 7059.
5111111115 1111111 71111. 5050.
11111111 1111 11111111111111111 2511.
51. 1111 1111111. 11111. 3053.
M. 1111 11111111, compulteriam.
11. lteram (5111111551111111 11·
burel 1620.
51. 111111 111111151111111 1111111,
cccccccccc.
51115111111111111 1111111 11111111 111- “
1111 1111111 masal? 51111111 5055.
51111111 Larum Pcllalcl 2523.
11111111 1151.

 

