v. 11111111111 11111111101111 11111111. 11.

Aus- 9· 9· 1119. 1111. 5191.

9111191111111 1191. 1959.

91111 9. 111. 898·

911111 91111111 111111 11191.

19111111 1191.
FL 11111111 111. 9111111111111. 895.
P. 11111111 91119111 9111111895.
Didius 1111111111 1111.

1111111 1111111111 899.
9111111111 11111111 911111.

91. 11911119. 1. 9. 9. 999.·

D. cmg. 81191111111911111911111

11111. 9111. L. 81111111118111111111.

lmp- 9111. L. 81119111118111111 9111
91111111 11111111 5951. 5199.

19511ὶω9111. - 91111111 9111. 111.

1111. 9111. - 9119111 111. 9111
9111911111 11111111 9111111111 1111-
1111111911.

1111. 1119. 1919111111 9111111111
1111. 111. 159.
9111 91111111 1111. 1119. 11119.
91119. 111111111191. 5911.
91111111111. 1119. 11119. 91191.
11111. 5191.
1111111111. 11119. 911111. 1111.
911191111111111. 1119. 911111. 11111.

11111. 8111111 111. 9191111111 p. 11
11111. 9111. 11. 1111111 L. 91111. 9111
911 111). 9111 1111111111 11111. 9111
111111191119. 191111. 9111 1111111
111111. 11111111 1111111 811111) 911.
11111. 9111. L. 8119111118111111111.
9111919.
8111111 9111 11111111 1111111111 11111.
11111. 1111 111.999
8111111 91111111 111. 1918. 5991.

Imp. 9111. 111. 1.1..- 91111111

1111111·- 91111111 111. 9999. 8591.
9111 91111111 111. 9995.

L. - 91111 9111. 11111. 111. 9919.

1111. Ι.. - 91119119111111.9111
91111 1759.

11111. 9111. L. 81119111118111111111.

9. 1. 1111111.. - 111. 9199.

11111. 1.. *111. 9119. 1915. 5519.
D. n· lu ’⁸' cul· Aug· ⁹³⁸·

11111. 9111. 1..- 81111115598.
111.1..-91111115151.
11111811111111118111111999.
9.-8111111111. 1919
1111119111. 8111111911191111 111.

9. 1. 11111111 1111. 81111111 111111.
1111111. 1919.

9. 1. 81111115191.

11111. 81111111 111. 9151. 9999. 1195.

111. 81111119119.

11111. 9111. 81111115399.

11111. 8111111 919.

8111111111. 918. 919.

L. 8111911111 81111115995.’

81111111159.

91111 8111911111 811111191111119.
11111. 91119. 1111. 91111. 1111. 9199.
91111 8111111 111. 911111111 1111.
9111. 11. 1111111 81111111111111
911 9111111 1111. 5591.

91111 9111 81111111 5199. 5595.
91111 81111111 111111 11111111 911
9111111111. 5599. .
91111 81111111191111.1 11. 111111.
111111111 1111111111.

1911111 1111111111 811111 5591.

11111. 911111 L. 8111111111 8111111
91111111111. pon-t: 111. 11. 11. 1119.
1111. 111. 111111. 11 (1. 199) 891.

Imp. L. - 91111111111. 11 (1. 191)

Imp. 9111. Ι..- 91111111111. 9111
111. 11. 11.11.(11111191-991)1Μ
111. 11. 11. 1119. 111.111.11111.1111.
111. ῙῙ. 1119111111119111111111111
1111111 (1. 195) 999.

Plu· 91111111 1111. 1119111111.
111111. 1111.1119.111.Γ11 11111. 911
111. 11. 111111. 11. 11. (1. 195) 981

Imp. 9111. 9111 11. 1111111199 911-
1111111 8111111111 1. 9111 91111111
111111. 911111111111911 nepot. 9111
1111111111 111111191111111111911-
19111 19111111 9111 1111111 11111111
L.- 911191111111 111. 1119.
11119.11.11.11.111.11Τ1. 11111. 9111.
111.1Ῑ.11.11(1191)991.

11111. 9111. L -.911191111111111
11-19111111119 11111111.1119.1111.
Γ111.11111.9Ῐ1“1.111.Ῑ1 1).11.1(1.
1911991.

1119. 11119. 9111911111. 1111. 1191.
91. 1111191. 111.11.1111111.11..1
(1. 198) 995

11111. 9111.911111.1111.-9111911-
11111111. 1119. 111911111191119.
1111111111 11111 11111.1111111111111 1111·
1111111111 1119 1111. 91. 111111. ΧΤΙ. 111. ,
ll. 1. 1. (1. 198) 5199
11111.1111.1119.1111. 9111111111-1.
111. ΙΤΙΙ (1111. ΓΙ) 1111111. (1. 999)

11111. 9111 1..- 911191111111111·
1119.111119.9111.1111 11111111

 

