81

111111111111111.1111111111. 87711.
9338. 6190.
11. magna 11 1111110101111111111111111
111191. m. 111.
111111 111111 10111 1990.
11. gl 1111111(11111111111111110111)

1111171 961011111 111111 1609. 0977. 6869.

11. d. 11. 6111111 0719 = 08191 1.
0111111.

111111 deum 11111110111 111. Pr. m.
11111. 1109.’ 1001. 9961. 9390.
9399. 9393. 9330. 9339. 9303.
9151. 9981. 0791.

11. 11. 1. 91111111 1896.

11. 111. 1. 9111110810.

11. d. 11. 1. 1111111 1111111000.
111111111111 901. 1798. 9970. 9971.
111111 1111111 1111. 01111. m. 11111.

1000. 1501. 0089. 6983.

111111 111111 091111.

111111 11111, 1. 11111.

1111111 (1111111) 1390. 9080. 9007.

0111 1111111 9070. 9077.

‘ 1111111111111111110091.

11911111111111110111111119106.

11. 111111111 0013.

11. 11111111 9031.

11. 1111111111111111 1111 11111111

11. 111111119078. 9091.

11. 8111111 9091. 5939.

11. 1111111111109131 1. 6111111111.

11. 01111101119003. 0033. 0031.

11. 111. 1111111111 0030.

11. 1111111 0033.

11. 11111111 9001.

11. 0111111111. 9000.

11111 11. 11111111110310.

11. 111111119099.

M· 6111111101111111 1900.
1111111119071. 9070. 9030. 90001009.

11. 111111 0999.

11. 1111111111110931.

M· 1111111111 9081.

Μ. 1111111111 9089.

11. 11111111 9079. 1111111 9100.

1111111 0030.

11111111111111 0031.

11. 1111111111 5931.

11. 1111111111110919.

11. 1111111111 17711 1. 1111111111.

(11.) 8111111110030.

1111111111 0930.

11. 0111119033. 9080.

11. 01111111 9080. 0937.

11. 1111111111 90801 1- 6111111111,

1111111111.
11. 1111111111 9037.

111: DII. DEAE. MYTHOLOGICA vAmA.

11. 11111119080.

Μ. 1111111110031.

11. 1111111111 0930.

11. 11111111111119088.

11. 1111111111 0031.

11.·111111111011 9087.

11. 1111111111 9088.

11. 8111111178.

11. 11116366.

11. 1111111111 9080.

11. 1101111111110031.

11. Vatum 9080. 5031.

11. 1101111111 9093.

11. 11111111111 0311.

111111111111. 1. 1111111111.
1111111, 1. 11111111.
1116111 1780. 5808.
11. 111111 5809.
11. 0111110310.
111111, 1. 11111111.
11111111 017-091.
1111111. 1110. Κ venun. 11. 111111.

11. 111 11111111 189011.

11. 1111099. 1318. 1819.

1111111111 111. 11, 1. 380. 11. 11111.
11. 11111. 901. 336. 1080. 781.
190113911308. 13991113. 1893.
1060. 1961. 9100. 9090. 3979. 3838.
1001. 0607. 0017. 7137. 11111111.
11. 111. 111. 11 , 1. 381.

11. 1111111111 0097.

11. lucrum promittit 1399.

1111111. 111111 1111011111111 106111.

11111 11. 1390. 1390. 1110. 9390.
1911. 0090. 5699. 0007. 0008.
0909. 0709. 7101.

11111 1111111 11. 0091.

Numen 111. 1111111. 0080.

11. 1111111 0300.

·11. 11111111 1111.

11. 11111111 1111.

11- 1111111011 0870.

11. 111. 971. 318.100.119.1111.
9391. 3139. 3883. 3011. 0018.
0093. 0609. 0019.

11. 1111111111111111 1100.

11. cambo, 11111111 1111111111 1111-
1110 11011110000.

11111 11. 61111111111111) 0880. Kane·
1111111 0830.

11. 1111111111111.

11. 1711111111 1106. 0886.

11. 111111111111101.

1111111.1111111111111111111111100.

11. 111111 111111.

11. 11111111110090.

11. 11111 130711.

11111111111103.

[1 41341111111 111111 11 contemtor

11. 1111111 1111.

 

