111. nn. DEAE. MYTHOLOGICA vAmA. 95

1111111111 111111111111411 1409*

11. 111111111111409.

111111. 1111111 1407.

11. 1111111111 1410.

11. 1111111111 1409.

11. 1111111 0049.

Ι. 11111111111111111 111111111111-
111 11 111111111114990; 11. 5094.

11. 11111 141911. 1414 1111111111·
1111111111111 11111).

11. 1111410.

11. ’11111111 (1111) 4917.

11. 911111115999. 5994; 1. 91111111.

9911110 11111 111111111111111111111
11111 1417.

1111111 9109.·“

41111111 111. 111 11. 901. 11. 11111. usqu.
1. 11111 947. 799. 1179. 1999.
1970. 1970. 1990. 1907. 1999. 1944.
19091410. 1491. 1499. 1919. 9099.
9051. 9059. 9199. 9190. 9907. 9909.

9495) 9507. 9010. 990911. 4091.

- 4919. 49715911. 5999. 5590. 5090.
. 5914. 0095. 0190. 0197. 0010. 0799.

0057. 0059. 0005. 7057. 7109.

7410. 11111111. 1111111. 111. 11,
11. 1111111 1901.
11. Aug. 471111. 7940.
11. 911111111491. 1909.
11. 9111111111, 9111111111 1499. 9990.
1. 11. 9111111111.
Ι. 011111111111111499.
11. 1111111111) 999.
11. 11111111 1494.’
11. 1111111111 1495.ἡ
Ι. 111111115490.
11. 111111 9499. 9494.
11. 1111111 01511111111111 1490.
11. 1111111497. 1119. 1490.
11. 91111111119990. 9990.
11. 1111110777.
111141115790. 0994.
nem 1111111 1910.
11111111111111111 9947. 9940. 4099.
11111111 111111111111111111 4947.
91111111 11111111 Ι. 9941.

11111111111111111111. 1. 1111111411·

1111111 1111.

11. 11111111, commemorantia 11-

11111 1409. -
91111 11111111 11. 494. 1004. 1004.
1000. 1991. 9949.
9111 1111111109001.
111111111111 440. 4999. 0901. 0750.
1. 1. 1111111 1040.
111114114040.
9111 1111111 0041.
11. 11. 11111111 1111111 1111111 0041.
11. 91111111119949.
U· 1111111 11111111 1910.

9111 1111111111. 011111 11411 (1), 1.
011111 11111.
911191111114111 1911. 0410.

1111111111. 1111. 1111. 1111. “

9949. 5014. 0040.
91119111111111111.1409.1479.1009.
191510901099. 9995. 9949. 4044.
0049. 0494. - 1111111111 0049 4.
9. 91. 11. 111111111914.
9. 9. 1. 11. 1111111111111101111111111
111111111111) 1041.
9. 9. 1. 11. 1111111111 4947.
111111111111110. 11. 4945.
Numen 11111111 911 11111111 11. 00491.
91111 11111111 011 1010. 9944. 9405.

111111111111111. 1111. 111-11111. ’

9ω5. 2³⁴0· 5⁸⁵⁴· ⁶¹³⁷· 805 ln·
1111111 1111111110)
01111111 So! 11111111 1111111 1101
Deus 11111111 0111111111 5954.
911 111111 1919. 1999. 1111 11111·
11111011.
11111111, 1. 111111111111.
111151. 1111 -· (111111019090.
1111111111, 11111111 1111111141.
11ο1111, 1. luno.
11111111, 1111111111 1. 111 11.
1111111 9107.
11111111. 1. 111111.
1111011111. 1111 - 9099.
1111111, 1111 - 9097.
1111111511, 1. Vulcanus.
111111 1401* 1000· 9009. 9070. 4901.
11- 111111111954.
11111111 0110.
111111, 111- 4909.
11. 11111111114091.
Numa, 111111111111 -1999,
9111111111 1900. 9409.
N· 0111111905.
1111111111, 111 -· 9099. 9090. 9091.
9774. 9775. 9019.
1111111111, 1111 - 1944. 9099. 9099. '
11111111 5909.
91111. 4191.
N. Aug· 17911799. 1799.
11. 11111 111111 rogim 11111 (11011)

91111. 111111 7909.
Virgo 1111111111111 11111. 1791.
N. 111111 1111111111 1700.
amomi ΝΕΜΕΣΕΙ ΚΑΙ HN·
ΝΑΟΙΣΙ ΘΕΟΙΣΙ 5009.
1111111111 4909. 4004. ⁴
Neptunus 11. 9111111. 111111. 1. 111. 91.
091. 1907. 1990. 1990. 1099. 1999.
1994. 1990. 1997. 1999. 1440.
949911. 940711. 4000. -111111
Neptuni 1. 0111. 111. 11, 1. 400.

 

