111. nn. DEAE. MYTHOLOGIGA VARIA.

11111111 11111111 1181.

1111111111, 1. 11111111.

1111 deus 1854.

1111111111, 1. 11111111.

1111114181 1858.

111111111 5885.

1111111111, 1. 1111111.

11111111,1. 1111111111.

11511111, 1. 11111.

11118111588.

1111111111 1558.

11111111884.

«11111518. 1851.

1111111111, 1. 11111111.

11111111 (sort. 8111111111) 5814.

1111111888.

Anchari· ww

1111111111. 111111 A. (11 1845.

111111111811111. 1858.

118111111111, 1. 1111111111.

,1111111 11111 (111111111111111111) 8848.

11111111 1111 1183

11111111 (111 118) 5888. 11111111 1848.
11111 1111111111 1848.

1111111111, 1. 811111.

Anna 8111111 1111. 81111. 11111111.
11111. 1841.

Annona 111111 1818.

Autem (launoium (1) 5888.·

1111111111 888. 8888.

Apono 111. 11111. 111111. 111111. m. 111.
88. 41. 818. 818. 888.· 888. 885.
841. 881. 484. 881. 884.1188.’
1818. 1488. 1484. 1485. 1511.·
8841. 8888. 8188. 8818. 8885.
8888118888. 4888. 588411. 5888.”
5815. 5888. 5181. 5188. 5188. 8884.
8184. 8181. 8185. 8188. 8188.
8888. 8881. 8445. 8181.

111111. 8848. 8581. 8881. 8884.

A. 11111111 1488. 8548. 8888. 8818.

A. 8111111111. 1888, 1. 8111111.

A. 811110) 5888.

1311111111. 855.

A. 81111111 1481.

A. (1111111 1881. 1888. 1888. 8888.
8881. 8841.

1. (11111111 111111111 8888.

A. 111111111888.

A. 11111111 (1) 5188.

A. 1111111 8881.

A· 1111111488.

1.11111118888.

A. 1118111448.

A. Pnlnlnun 818811.

A. 1111111111448.

A. 811111111488. 1181. 8811.

A. 1111111118858. -

A. 1111111111111111111 4888.

’111111 1111111111 111. ΙΙ, 1. 888.

Α.88111111548815181,1.1111111111.

11111111, 1111111111,1. 11111111.

Afflfflfflol 6801 8184.

111111 1111111 1841. 1848. 1881. 1484

1111111111 1848. 1841 8888.

11111 8111111418.

1111111111, 1111 - 1885.

1111811 11111 1858.

1111111, 111 -, 1. 8111141111.

11111111, 1. 1111111111.Ι

11111111, 81111 ·- 8818.

1111111111, 11111 - 1888.

11111111 (111111 111111111) 8118.

1111111, 1. 11111111.

1111111111, 11111 ·- 5818. ·

11111111, 1. 1111111.

1111111 1111 5814.

1111111111, 1. 1111111111.

1111111 1511.·

1111111111; 1. 11111111.

1111111111, 1. 11111111111.

1111111111, 1. 11111111.

1111111111 11111 1888

ΑΘΑΝΑ ΑΠΟΤΡΟΠΛΙΑ 8184.

1111111 Aug. 5818.

11111 145831818. 1888.·1888. 1888.
8888. 8888. 8888. 8858.

A. 111. 1884.

A. 1111111111111 8458.

A. 1111111111111 1111111111 1811.

A. 111111111111111111111 1888.

A. 11111111111111111111 8884.
11111111 811 888. 888. 818. 488·
1111111, 11111111, 1. 1111111111.
111111118111181. 8181. 8851.
1111111111 8888.

1111111, 111111111111 -· 5811. wls.
Aummlenae, 1. 1111111111.
Autumnus 8188.·

1111111 5811.
1181111).111ο(11111),111(1111111)1448.
1111111111, 1. 111111111.
1111114888.

81111111488. 1551.

11111 8. 8881.

B. 1118111 81111 888.·
811118111888.

8111111188, 1. 1111111111.

8181111111. 1884.

B. 1111111 5814.
8111111888.

B· Aug· 10671 '0 Apono·
81111111, 1. 11111111.
8111111 111. 1111111. m. 111. 588. 1888.

811 8. 5815.

8, 111111111118811. 8818.

8. 8181118818.
811111118111, 11111 - 1885.

8111 1111111 8. 1888.

8111 11111 8. 1888. 5818.
81111 5888.

 

