11. eeocmmce„

Vercellae 1044 (ll. 4470. 4145. 751115115151 01.
vercellenses 74. 70. 1404. 751151111 5157.
7111111011111 5441. 5040. 5500. 751015151111111 107.
711551 47. 447. 0177. 0700· 4049. 751511115040.
4000. 4554. 4744. 4750. 4004. 711511111117054.
4004. 4479. 5114. 5041. 4470. 711511111151111 1470. 5104.
151. 1115111 7. 0111111111 1014. 711111 7111117111110111111151141114·
75151111111014.4407.11151.
751111111 0104. 7111111111 4714.
7511115 7101. 7111151111711115111111 090.
vnum ⁴⁰³⁶. 54771 [44044411 0041 'nm Ml·- oua·
75115111551. 11111 ·- 744. . 711111 47901.
7111111111 000. 711111. 151. 11111 11111 111411111411.
71111111 5440. 5415. ·
71115511 4444. 151. [1111111114544.
7511515511105. 94.· 71111.111. - 4040.
7511115511 7414. 7515111111 5144.
Ugernum 5014. 5040. 751111115540.
71151111 5040. 7501551151 504411.
71111 5010. 7111151111 4404.
711 4111111 7401. 70111115070.
ll 115115155115010. 751111151 aene 154.
71115051 5970. 7111115044.
7111111 5150.

Vleellnl 4110. 40141 8, funde· Hom· ”mm comm
0515111 71111115170. ‘ '
711111 445. 454. 4070. 5404. 111111 155111110440.

1111111 7151551111 0740. 155151111111115111111.

7111151111 4044. 11111511
7111111155. 151. 41111 -· 15111, 1111. 11111141111 41111111
7110111111 444. 0944. 11511551 4444.

715011111 54141 11. 0449. 04541. 11115551 ς
7110515511 5111117) 4540. 5515111511
. 71105111115111 115151 447 = 5000. 1515111111 111151 11111111 04441
71501111 11151 4101. , 11111511
7151111111 5007. 5104. 1151111111
7111111111 5040. 1551111151
7115111101111 4950. 1111111111 4444.
71151511 0400. 1111111111

151. 0111011 7. 4504. 4409. 011511151114114111111

7111111151 4017. 5074. 0111 1111511111
711111151111 gene 150. 7110114115115514444·

711511151 5111. 1111111511 4044.

’ 7111111 4101. 71511 01101511114074.

Ulmanus 11151 111. 751011015111111
711511. 111 v. 009. 011151111111 4
7111111111111 05111441· 015111151 4444.
11111111 101. m. 104. 4940. 0111151
7111511111 100. 05151111 0115011111
71115111 1100. 1141. 0170. 0045. 0454. 71110111 0111515111114444.
4174. 4175. 4174. 4177. 4044. 4451. 01151111111 4404.
4404. 5140. 0447. 0904. 7400. 015115111151 4044.
511501111 511111 7111111111 04.’ 0111111151
755511111115041 , Ceeelenue
75111.75111111,7511111151111111111 0115141511
5047. 011111111111
75551111 0400. 4705. 4005Ι 5001. 5000. 0150111111 0444.
5004. leel. 5014. 4000. 0515511111
7511511 4540. 01110111111111.
711111111 4144. 111111 01111511
751111544. 5444. ’ 051111111

 

