vn. RES ΡῩΒΙ1191119Μ911031111.

11111111 3777. · 91111111 4934.
11111111 5137. 11111111 3591. 9493.
31111111 9999. 3111111111 9959.
31111111 9999. 3111111111 3493. ,
3111111 5439. 7111111 4999 up. 1
31111111 599. Τ111111111 9793. 9353. 1
Thessalonicae 3541. mure? 3933 = 9499.
Virum 3991. 1111111111 3395.
91111111111111111113993. 3949154199. Horatia, 31111111 9999.
Amne 5995. 111111111111 3449.
Foro Semproni! 4939. 11111111 9947. .
Interamnae N. 3754. 5939. 311111117115. 1
3111113375. 7353. 311111119917. 7993. 1
3111111 3839. Urbe 3111114339. 1
Τ1111111111 993711. Lemonia, 1411111111 3399. 1
31111111 1749. 11113111 519. 1
91111111 3339. 3111111111 449, 1191. 3974.
Collina, 11111111 7133. Cum! 3335. 1
Romae 3999· '1³¹⁴- 11111111 1111. 1111 = 1111.

1111114111 193. 19124349. Pmmll 3799.

Cornelia, 11111111 1999. 59995995. 9111111199.

’ '10⁸²- ‘ 1111111 1111. 1111.

Arma: ⁵⁷²· 1111111111. 1
1131931191 805. 2¹72· Maecia, Culnl 597.
11111111 1111. mm. 1111. 1
111111 3312. 1111111111 913. ³
11111111 1111. 11111111 1111. 1111. 1111. 1111.
91111111 3977. 3973. 911111 5134.

311111111111111131134. Menenia, 411111 5159.
3111111 7191. 1111111111 9744.
3111111111, Romae 9991. 39911 4115. 3111115999.
4399. 31111111 3934.
Fabia, 111111115939. [11111111113933.
Avenae· 393. Nuceriae 1111. 7191.
3111111 99. 454. 3333. 3999. 4951. 9111111111 9539. 3319. 3394. 4959.
4939. 7997. 7141. 991411.
3111117145. 1111111111 939139513749111. 9993.
1111111 1111. surrent· 1111.
1111111111 5339. Oufentina, 3111111 7154.
9111119111. 1351. 1111111111.1111.1111.1111.1111. ’
“ 11111111 394. 1949. 9795. 3195. 111111111119199, ;
3111111 3353. 1111181111111111111911113439, Ῐ
111111 9999. , Laude 911111. 9174. 3945. ¹
’1111111111 3111. 3993. Mediolani 1494. 3947. 9973. 9354. 1
Falerna, Acerrae 3719. Miseni 3913.
3111111111 4995. Romae 3134. 3
3111111111111 1393. 4934. 11111133. 3179. 3459. 4344. 7173, 3
1111111 1111. Palatina. 111111. 1111.
111111 3375. Amnem! 3393.
711111113935. 7999. 1111111111 333911). 3979.
Galeria. 41111111 9399. 3749. 71911. 3111111111 4997. 413934433. 7149. ’
1111111111 3339. 3395. 7997. 31111111 3943.
911419113319. emuna 3953. 3314. 5495.
mann 9939. casini 9797.
3111114953.” “ 1111111511. ’
91115113313. 3111111111 1399. 5459.
91111111 9954. 3111111111 3334.
Luc! Aug. 5995. f 31111111 5998. 5949.
Luguduni 4999. 1111111775.
11111111 3339. 111111111111.1 9343.
91111 4943. 31111 5199.

 

