111 · ω m. 11111111 11111.

v. 1. 111. 1111 11111111. 1111
, 101.Ι 1. 11111111 8855. 71. 0111111111.1111111181111111
1. mmmm! 8800· 1111110808.

- fv· 11111111 8011. ‘a ramma amm m·
ζ ειᾞωωιοζὲωψ“ 811111111111 8888. 7801.
¹· praediorum 1110111111. 5885. '¹' ¹⁶¹¹⁸⁶u¹¹⁰⁰⁵¹⁸ 72⁸³·

emm. 7, mmm „mma 1. 01111111111000.·’
(1111111 0888.Ι *mmmm 8381· 7881.

mumurantem. 0881081181» 811 111· 8811·

vine· 1171, A 111111111111111. 8111. 11111887811.
8111111111 8888. · 811111111888.
81111111111111111111 1111111111 1808. 8111811118· ι8188801 0011111111 1811.
8111111 8880 (1). 7007·

v. 8081115115880. cs. 11111111.

es. 11111111. 8111111, 1111111 8588. 8588.

ΧΙΙ. NOTABILIA VABIA.

1111111 1111 11111 1517. 111 11018111 8818.
1511111111 1111111111 1857. 11111151 1001.
1111111111118588. 1115111111 0888.
11111111011111 8111110 11 111111111111 1111111511 1001.
18811111. 11111110111111 8588. 1088. 8888111. ’
11111811. 8108. 1. 11111111111 1110111. vl. 1101111111· ;
1111111111 8580. , 111111 8587. ’
m. 1,.1111, , 11111111110111111111111111118111111-
11111111111111 8511. 111111 11111111 71181.
181111, 1111. 11111111, 111111111 11 111- 1115111111 1578
11111111 11751 1. 1111. 111111, 111111111111 -· 1781.
1811111 8085. , 1111111111, 111111111111111 01111.
1111111111 8085. 8080. 111111 18111111758.
11811 811111111111111111 188. 1. 111 1111 11110110115888.
1111111111111 8888. 8881. 1111111 11111118178.
11811111, 1011111. 15181518. 1. 1111111111 0758.
118111111, 11 1111111 1111111111 1811· 1111111111 1111111 111111881-7.
,. 11111 8111111 11 11111111 1111111 11111111111111818811.11111111.
1858. 1111111111 1111111 111 11111111 7888.
11010111 11111111110810. 111111111 7881.
1111 [1111111111 1888· 1000· 1. 110.11.1.1111111181 1111111850.
11111111111111111 580. 5887. 5880. 11111118111111111· 1580.
5058. 11111111 8515.
1111111111 8870. 1870. 0101 1111111 1111 1111111080.
111 11111111 'Im 11111 5008.
1111111111, 1. domm. 1118111111 8878.
11101111111 111111111 8858. 1111111111111 1188. 1888.
1011111 8880. 0818. ’1111 111 1111111511 amma 8580.
11111 1, 15 508. 8088. 8111. 8888. 1111 8111180.
1. 111111 8180.

m 111111111118181. 1. 11111111 1111111117815.

. 1. 111111118181. 1. 11111111 018.
111111111111111111111111. 1. 11 11111111 18111 1111111 81111
111., 11 1111111111 1558. 0001.

11 1111111 duo 1111111111111118100. 111111111111 111811111 11 1111111111
1111111, 111111 1588. 111111Ι impertita, 81111111 011111
11 1., 1. 1. 111. 1., 11111 111. 1581· 11111 1111111111 11111111 mn.

 

