1v. RES SACRAR·

9111111 (11111111 1111111 9111111111 ’
Teani 6106.
Ρ111111, v. 61111.

Ρ111111 (1111111111111117111111111111

maur 5791.
111111111111 106. 51771Ι r. 61·
111111.
11111111 6676.“
1111111111 611511111111115957.
111111111161119. 1167.
Numantiam? 5065.
Ι 1111111111 6516.
r ' 0111116666.
11111111111111 11111111111 0111-
(1011 0111111) 5666.
1111111111(Ρ11111.1111ρ1111111)6709.
Ρ111111 11111111. 1669.
Ρ111111116679. 7015.
Potentiae 6106.
6111111111 6161.
61111111 6190. 7006.

1111111111 5966.
Ρ111111111111111111111111111111111156661 ·
11. 6601.
Ρ1. 111111 71111110111116605.
111. 11111. 111. 151. 1661. 7611.
primur 111. 7111111111. 111- 6166.
6601.
1311111111111111111111 151. 6166.
111111. 6111111161. 6661.
9111111111(11116111111111111111) 6166.
6111111 1111111 1111111111111111111111
1111111111 015111 1606.

Summarum 7671.
Seruo 6661.
(61111111111111111111) 5169.
61111111 7115.
711111 5660. 5661.
161911116667.
Tibure 6606. 7116.
711111 66.
Venafri 6156. 6517. 6619. 6966.
Venusiae 6617.
Veronae 6166.
Viennae 5956.
11111 11111111 6961 7076.
Ρ. 111. 111. 6111111 111111111. 11111.
111. 1111.) 6766.
0111111111111111611116111111166111.
Ρ. 1111111116 ,1111111111116156161
Ρ. 1111116111111 1111111111 6170116666.
Ρ. 1111111111 Vibone 5956; 11. 116119.
6111111111 111. 111111111116766.
1111111111· 6600. 1060.
111111111 varannae 6666.
reip. Ρ11. 6777*
Ρ. 1111111111111 11111111111111111
60191 11. 6666.
Ρ. 111111111 1111111 01111111 1111111111
1601. 5659.
Ρ. 1111111111 1111111111111 1111111111
Ρ. uterorum 111111111111111111111
suern 5969.
Ρ. SC 110 (111111111111111111111111,
r. 11 1111111111111111.
Ρ. 7111111 1111111111 1111111111 011111
Ρ. 12111. 111111. 6069; 11. 1111-

6111111111, r. 1111111111111111111.
6111111111
6. 1111111111 7016.
6. 61111111 1111111 1111116616.
6. 6111111110 6160. 6319.
0111111111111 96.
6111111111 011111111111111111111111
5111111111 11 1111111111 11111111
1111111111 01111111111 6116. 6116.
6. 611111116906.
0111117171.
Gaurum 5066.
6. 1111111111· 1111111111 6791.
6. 1111111111111111111111 immu-
1111065177.
6111111111 Lunum. 11111111 110.
6. 1111. 1111161711.
Laurentium 111111111116561.
(11. Lauren· 1111111.)
6. 111111111111 rerurrao 97.
6. 1111111111 1111111111 11111111 6699.
5959.
6. (111111 1111111111) 6761.
6. Parrum„ 1111111 6166.’
S. 1111116756.
61111111 (1111 1111111 1665.
61111111 61111111 6176.1
611111115779.
61111111 61111111115976.
6. 7111111 6191.
611111117111111111 61111111 59761
11. 6111111 utrorum 7111111111111.
61111111 1111 1111111 7656.
61111111 1111111111 1111111111 1) 6111611

111. maeror. 6111111111 01111111
Ρο1111111111111111111111111111116156 6. 011 1111111111 Apulo· 5666.
(11 quod 11111111 0111111111 ponn- 6. 1111111111 111 1111111111666611.
6. 1111111111 11111111111111111111161601
11. 6667.

1111 1.. 111111).
Praefectus 11511 1111111 7111115965.
Ρ1. uterorum Tusculi 5670.
Ρ1. 111111 11111111111111111117066.
Ρ111611 1756.’

S. 1111111 1111 11111111 5765.
1311111111 61111111, 111111111111111
Allrfiffl'ffl. ’

 

