,180 iffi· ,inuiis ΕΤ Officii Pliiviiui.
9111111 11 1111111 Lanuvii 8988. 9111111111111118111114111111111111111

111111 collegiorum 3891. 7999111.

1111 1111111 111111114197111.

8111111111111.

8111111111 9417. ,

811111 11111111 11111111 Aug. 1.(1114
111111111 11 11111111 Romae 8399.

8111111111 4133.

’1111111111111 1111111111 iimo 7379.

1111111111 4111111 11111111 cantuariorum
81111111· 4134.

μ

x1. 111111 uu 11111111 11111111.

811111 11 1191111.

41111111111 1891. 9198. 9795. 9799. 9899.
9815. 9889. 9915. 34594359. 4487.
4879. 4873. 4899. 6913. 8393. 9797.

11111111 9798. 9798. 9888. 4847. 4879
111. 7358.
11. munumina 4588.
8111111111 879.
1111111111111 4879.

9181111111, 1111111111 passim.

8111111111 1111 11111 111111111119978.

Coniux, 111 1111111111111119841-9847.

811111111111111 1989.

1111111111 (111) 9799. 9791. 9799. 9793.
9873. 4598. 5915. 5848111.

11111111 9788. 9794. 9899. 4984.
8934. 8988.

81111111111119585. 9898. 9834. 9835.
9838. 9897. 9838. 9839. 9849. 9848.
9948. 4158. 4191. 4853. 5795. 8134.
8955. 8989. 8993. 8991. 8998.

11111111 11 111111111119834.

Delicium 4394. 4958 111.
d. 11111111 11811111 911111 81111111
8188811119111 811141 1. 889.

1111111111, 11. serui 9819.
81111111 1111111111 9981.

1. 9111111111 4399.

1. 111111198571111. 8975.

1. quun 1111111111 1119857.

1. 1111119889 sqq. 8183.

8111111 11111111 8111111118111111

1. ’1111111111111 7994.

11111111 publicu 1. 111 municip. off.
11111111. =
(1111111111, 11. 1111111111 8988.
1111111 regui lllyrici 9858.

’ 1111111111.

1811111111 mmmm 11111111 1 111-
mmmm ⁸³⁸¹ “

iii. semmurum 1111111118114 maii .

paim patronae 8388.
1911111111 nomina 11111141111111111
9989. 9991. 9993.

Ti. 8111. 111. 9111111111 8955.

Aug. 111. 111111119755.
Aug. 1111. 11111111111111.

1141111 pinnum 1111111111 3998. 3919. ζ

4894. 58591.
1111111 11 111111111111111111111111
11111111. 3919.
tribui 9111111111 u. 1114111.
11111111 trium 8111111111 8393.
1111111 municipiorum 1111111111111.

11. 111 municipum, 111. 11111111. .

11111111 tulingiorum. 1. officia 11111

mimorum 8918 111.
i. 1111111111 1111111111 3918.
1111111 9111111 8399.

1111111481111111111111111111. 111.· ¹

Venerius 111. 11111111 3918.
1111111 11111111111 1111111
111111 11111111 iiiii 3993 111.
1111111 11111111 putris 3994111.
11111111 libertus 3988.
dominu 11 111113997.
coniux 11 1111111 3994. 3997.
1111111111 11 11111111 3935.
1111111 11111111 9989. ’

1111111, quae 9111111111 111111 1111111 ἶ

111 111111 111. 83991.
11111111 impii iu 1111111111 3939 tuq.

1111181111 8111111111 impium 111 .

111111111111111111111 9935. 8494.
1111111111111111111111 9935. Α
11111111 9789. 9813. 98884454. 4943.
8997. 8958. 8957.
1111111111 4871. 4849. 8941.

libertorum nominaque 1111111111 1111 1111111111 9988. 9987. 9399.

i. 88818, Ι81181111 1111111111, 1111111111-
119111158591. 8379.

m. 1111119984. 8494.
1111111111 manumittere 9888. .
pretium 11111811111198831

 

