0 11. atocmfflca.

1111111. 0111. 001011. 0111101111 5000. 5100. 1000. 0011. ³
01111111 3500. 0013. 0000.
011111111 11111111 00501. 011111111110 11111 111111 5105.
0111111111110000. 0007. 011110570000011. 017011. 0000.
Ι 011111. 0111. 5737. 5157. 0305. 7000. 7150.

111. 011111. 1111111111 0000. 111. 11111 01111111110101111 0000. 1

0111111511111111 5003. 0111111111 11111711111111111 01111
011101 100. 5155. 5150.

01111111 5150. 0111111111111111111111, 111111-5017.
011111 0051. 0111111 5101. 5100. 5500. 7110.
01111111 1007. 1100. 1170. 3005. 3700. 0111101111 0050.

0005. 5570. 55701. 0500. 0705. 0111111110001.

0000. · 01111111 3000.

11111 0111111111 0570. 011111 5010.

011111110111 111111111111111111110000. 0111, 1111. 111. 0071.
0101111111, 1101111111 5300. 5705. 1111101111110000.

5000. 01111101 5070.

01111111 130. 0111111111 0000. 0000. 0005.
0111111111 1000. 011110111011111111101111111117000.
0111111111 505. 01111 007.

01101 5010· 0101110111 5330.

01111111111111 01101111111111, 111111 01111111 00. 500. 1000. 0000. 0500.

5007. 5005. 5010. 5500. 0507. 0511.

011111 100. 5000. 0500. 0500. 07001. 0000. 7000.
01111111177. 0001 el. 0111111111. 011111111111111 1111111 0005.

01111111 11111111 5100. 11111111001111111111111110010. 0000.
0111111111 5000. 11111 01111111 0000.
011111111111,111111 700. 01011111111111500. 0000.
0111111111 11111 0000. eol. 011111111111111 1111 3000.
Camulodunum, 1111111111111111111000. 1111111011 01111111. 0000.

01111111 000 ·..· 0705. 0110110111 1303.

01111011 000, 0170. cumn 00111.

0111111111 ³575· 0111111111 0110.
01111110000108580· 01111111 3005. 0001.

111 01111111 001. 0570. 0000. 0111111111 7000057. 0517. 7000. 7101.

711 1111111 01111111 ³³¹5· 711 011111 000. 0000. 0000. 0500. 0000.
(1111111111 005.1000. 1181. 1100. 0000. catonum 5000.

0005. 0100. 0100. 0170. 017011. 010111111111111,01101111111111111000.

3075. 0010. 37013700. 0005. 5150. 5101. ·

5150. 5503. 00010507. 0000. 0011). emtum novum 111,

0003. 1111111 11111 0101111111 1000. 5500.
01111111 3000. 0500. 5101. 011111111111 1000. 5550. 5500.
11111111 campanorum 11. ad 0700. 0111111 5011.

0111111111 1111111110000. 0111111111 0005.

011111101111 0070. 0111111111, 111110000.
0111111, 01111111 0100. 0700. 01011 0700.
0111 0070. 11111 011111 0770.
0111111111,11111111111111111111-0000. 0111111111 0510.
0111011011, 01111111111100. 5010. 01011111111001011. 0100111111.
01110111.111011111111111111110000. 0111111111 5010.

eol· 01111111 0510. 0111111111 000.

01101111 0007· 011111111111111 5010.
011111, 11101111111111111111110000. 0110111110 0101.

011111111 1111111111 000. 0007. 0000 01111111 5000.

= 0000. 01101111 0055.

011111 0710. 01101111 100. 10111.
11111111 0111111111 1000. 011111011115011.
11110011 0111111111 1000. 0111111 5055.
011111111111 11101011 1000. 0111111111111 100.
011111111 001. 0111115001. 5051.
0110111111 0111011111 100. 111. 0111111 011111. 501. 0000. 0700.

 

