11. nnoomnfflce.

Sygambri 0704.

8111111111 5547.

81111570. 1400. 3108. 3180. 3500 an.
5500. 4030. 4007. 5450. 0010.
0403. 3484. 0004. 0817.

8. 0111100.
8. 1111111101.
0011111111 005.

8111 0571. 0005. 3505. 5507. 5508.
5305. 0508. 7057. ‹

8111 0085.

0151011111 535.

011111111105.

’011111 10011.

Tarentum 541.

01111011 1040. 158011.

’011111111 0407.

Tarquinienses 5134. 0048. 0000.

’0111111 157. 4350. 5010. 0037.

111. 111117111111 0111113107.
’0111111111111 4307.
1111111111 ’0. 1. Hennaea.

011111111 5504.

’01111111111110045 0484. 0000.

Tanna, 0111111310. 5103.

’011111111 5104.
0111114700·
’01111111 07001.
’ 0111111011111111, ’01111111111 4081.
’011111111 181. 7151.
’[1111111550.
011111171. 5080. 5010. 007ος 11111111

Tm.
’011111111111101101701 11. 011111.
ad 5000.
01111115057.
’011111 mona 010.
’011113550
011111111708. 55451 1. 0111111111.
0111111140.
’0111111 0175.
0111111000.
’0111015150
’01111111111 0553. 5184.
’0111111 000011.
01111111150.
0111111111. (1) 0855. “
0111111007. ,
0111158711.
’0111111111 15011.
’01111111111111 5170. 5173.
’0111111011 5070.
Tergeste 0337. 7100.
’01111111 15011.
Teurnia 400. 5071.
01111111543.
’0111111111 07001.
01111111. 5545.
01111111. 011111.
01111111. 011111,

’0111111111 151011. 1101111111.
Thebae 1111111 58.
’01110111 3881.
Thebae! 5305.
01111111 5005. 07001.
0111111111 5050.
1111111 ’01111111111111 3050.
01111111 505.
’0111111111 11111111 011110115075. -
’01111111 0405.
0111111111 0050. 0485.-
011111115504. 5575. 5505. 07001. ·’
1111111 01111101110034.
011151311519111111 5111, 111111111111 11111111

111111111111 8111111111 111111111-
nun 11511111 011. 5. 0501.
’01111111111111 0501.
Thignica. 1111111111 liberum 5305.
1111111 011111111111551.
’011111111111111111 500.
’0111111800 3570. 4584. 5501. 0030.
0111111000. 1540. 0003. 3700. 5015.
5418. 5400. 5450. 5455. 5450.
5440. 5445. 5005. 0000. 0705.
00501. 0000 0045.
0111115550. -
111. 8111111111 01111111 Ta. 5300.
0111111111 150 an.
01111111,01111111. 0111111, 031111.
011101110031.
111. Thysdrum 5300.
015111113034.
01511115. 7000.
’0151111111 111 1151. 0004. ’
mma„ 00. 0050. 5708. 0151. 0004.

11111 0111111 5147. 0080.
vn ’01011011 5140.
0101115105. 5010. 0805.
’0111111111 0111111111 3040. 3000.
0111111111 511111111111 5505.
0111111111 11111 505.
011101111111 3700.
011111 (1) 7080.
0111111 5181. 5751.
’01011111 11111 ,1111111111 00.
0111111 80.
0111111) 3551.
’0111111111111 1111110474.
01111111 000. . ··
’0111111111111 5100.
Tema 5514’.
mua& 1111111 011111 5050511011
5 1.
0111 1111 01111111 5500.
V. Traiana 5100. 5451.
1. 1111 Te. 000.
v! Traiana 01111 15011.
’0111111110 0005.
0111111. 11 0111 150.

 

