100

0011101 1111011001. cohortium 01111..
auxiliariorum, 01110111 011. possim.

01011010 1011010111 morio· 3070.

01001101 iiior. 3070. 3507. 0555 0500
50051101. 0055. pr.

01001101 501. 500. 1005. 0075. 3000.
3105. 0103. 3500. 0000. 0535.
iii-ii. 5030010770. 0757. 0771.
0705. 7000.

0100. 11111501. 15010.

0100. 1. 751111011011110101501000.

0100. 11011. 111101. 11. 1111011111 11
Commodi 3057.

101001101 05 1110., 110111 01000111
501. 0705.

11 0100110 1000. 0005. 0015.

11 0100110 0011100 5000.

0100101 0010011010 0131. 5000.

010101100 3570.

01010500. 0. 0101 oi 1101110101.
01000101. 0. 0101101.

0111011001. 0. 0055. 01. ot 0011110.
0111111110 00001001100 0500.

01 1050011010 3070.

01511010110.0. 1100.

0101001001. 0. 1000.

01011111 0050.

11110100107001.

1111111111 0055.

5. primur 3500.

5. 00100 0700.

fls· ¹0⁹0·

1101101001, 0. 0055. oia.
1111111111. 111000.. 0055. 010. 0110111.
1111001111 0001011111000. 0105.
10110111 (101111 i) 5010.
01. 1001.. 0055. 010.. 000. 1110.
1110010100 500. 570. 501. 501.“0017.
3010. 3010. 5000. 5105. 0700.
1110. iiorum 500. 50110. 050. 000.

iu 1111101501 iiiii.
0511111001, 01001101 511. 0010.
11111101. 0. 0055. 01.
10110111 0110101111 111.. 0. 0055. 01.
1011101 3073.
101. 501. 000.
5011. 011011 1011111110011 11010-
0110011 0011.
101. ei 0011101 01101111 00011111 111111·
110010 750.
111. 11111 1111011111 iiiyriro 3100.
101. 01. 01. 005 0000 imo. 0101110
511111 ’1111000 11111. Germ. Duo. irr
51110 000100 5100.
101. 11110. 11111110 11 0101010010
10111101 0500.
101. 111. ..... 0110 5111111 0500.
101. 1011011. 11011011 1110111101. 01
viii 501. 0051.

VIII. RES 5115175018.

101. 111. 11 11011010 011100 511011- r
1110110715. , ³
01. 1000. oi 1110011111.
11511001 00101010 5770.
orimur 1151. 01011001110511.
01. 1000.. 0055. 010.. 00011110.
11511101. 0. 0055. 01.
11101111 11 murmurum

5110001115 3071.

11011001. m. 0011101111. 1101111011. o.
roo. wu- 1.. wo, vu. oo·
1101000 0070.
m. 110ωο103503.
01. 1000. 01005500.
i 111111111 0005. 3500. 3501. 35110. 0010.
0000. 70000. 70001.
Α 00111100 1111111110 70305.
1111 110111. 3170 0007.
0111100 11111111 1001011011) 0100
111111111100011115111 01011001 0000.
omuibus 1111111111 0001011511 001·
11100101 0550.
11511100 0011101 3500. 0000111.
irruo· 151110. 1000110511. Pio 11
(1100011011 10011111011111010111
05 50110111 0111510011 0003.
1111110 5000110 001. 0050. 0570 0500.
3501. 0505. 0007. 0705. 0057.
0000 5000. 0000.
1111000011 0110101000100.
11111110 01 011010110 1000.
miurus (005. 11110010037.

5011010 10110011 1111111 01105. 111 ’

01. 5737.
11. 501. ur. 15 110. 7111110 0011110 .
101. Gor. Duo. Puriir. 0700. ’

1115 1110. 11110010 iius. 11100.

501. 11110010 11001101 15 1110. 11-
101110 Auu- 0100101 10111100
1110. 1101111111 uua. torquibus 01
11101111 01101 10510110 10110111
1101011101 0571.

m. iroo. m. 00110110 05 omo mu·
1111101110. 11101. ’11111110 mom.

101101 00111. mor. 0010.

1111001013503.

m. uiro ciruoirr 10100 riou

ro· 01005. 0111001111 (i) 0001.

1111110 1100001111 71. 0010001010
101. 01. Augurii 0570.

010100013500.

1151110 5011010111100101111 737. 000.
3577. 5007. 5000. 5000. 5030.
5033. 5000. 5500. 5530. 0057.
00571. 0050. 00501. 5050.

00110 1705. iiiiii. 0000.

0. 0001100111 1105. 111 um

o· 01100101107711.

0. 0100010101 3000.

0. 111010511101 iiio 0000. 88³⁴-

0101.. aarum„ *iouia-,mr- ,

 

