151 IX. 1199 malumus,

0551951555111115115511519111115779.
0191111 5515111111 1551151 9111115551 9919.
Honore 1111 11111151 9715.

9111111 9115. 9711.
1. 115. 9517111.
Summe 55551511 9519111.
1155511111 (11. eamme) 71151111 7159.
111111151155551515151515119155515919.
Pecunia pra 11511511 11111111 1111511
911111.
lugeam 95551111 1111151 9715.
1115111111 1155511111 (5555111515511) Ca·
1111551191 9995.

m

1. 91151111111155515111, 1511115111 11111
11155115 (115111. 1. 11.)

1511151 9999. 9719.

15111111 9990.

151. 1155951111599.

155551· 1. 95155151 915.
1511111 1995. 9971.
Alexandreae Traad. 5970. 2
1111111 7150.

1111111111 9999.

1111515151 911. 9157. 7059.
15111511 1999.

11115551151 715.

151. Apul. 9995.

aquis 5151111 1999.

11551 5975.

1111 1197111.

11151151 9999. 9999. 5199. 5009.
1115551 9159.

11551 5995.

1111111 9199.

111511 9977.

111111 9997.

111151 9991.

1115111551 9915.

15551151 95111511. 9995.
1151151 7019.

9151515119990. 5991. 19971911.
95151151 9995.
91151519975. 5055.

95155151 5991. 5995. 5999. 7059.
9511511111 9799.

mun. 1111111 9151511111 9999.
capuae 1511599591111. 7011.
cartennae 5991.

95111151 7019.

111. 911115115511911.

9155511· 9919.

9111115151 9791.

95151 1999.

9151551 1111.

Cularone 9919. 1091. 1099.
9111111 195715.

91111551 9999.

1115551 9519.

. 9515111111 1099.
’ 9111111 7115.

Eporediae 9999.

95111111 9911.

florentiae 599.

Fara 151111119911. 9199.
Fara 5111115511 1999.
9111551, v. 1111551.
Hadriae 119.

551. Helveticae 911. 191.
[1111515111 9999.
Hippone 11515 71901.
Hispali 9999.

1111111111· 9179 5155.
Hydrunte 9570.
11119915.

11111551 797. 9997.
1515111151 99.

1111151 Carnicae 5999.
1555111111515 197. 1991.
tenemium? 9197.
mun. Latobicorum 5991. ,
1111151 799.

1155551115. 179.
11515151 7191.
115515519199.

1151111511 9759.

1151111151 1091.
1115151511 9911. 5115. 7915.

. 1111151· 9919.

151. 1151155111115911.

95155511999. 1999. 5999.

Neapoli 9158.

115151 9919. 9955. 1093.

Novioduni (151. 1111. 11511111.) 909.
911. 917. 1099.

115111151111. 7191.

1. 11. 05111111 159.

01151 5591.

111 5115 0111115 5970.

0115551 1919111.

0111111 9901. 9970. 1109. 5119.
7011. 7179.

151. 1511111 151551511110111151

151. 91111 1111111 5990.

951111· 7019.

1115551511. 9797. 1099.

11115115 1111.

Rea 919. 519.

’ Panare 91. 1059.

91511511519995.

1151519979. 5999. 7191.

Pompeia 9189. 9119. 9155. 9510.
99999999. 9197. 97999909.
9919 9999999110511918.
51959971997999797051.
7059. 7999. 7079. 79991.
7997. 11111. 1111. 1. 1. 9977.
11111. 1. 1. 1. 7197. 11111·
1. 1. 5511551111 9995.

 

