ix. niis niviiicn’nnis

011000010111010101 10111100 010110111
0111100011 7087.

00100110 7088.

Menenius: 0001011001Ιο 10011 101001-
11001 100001101. 001101 1011011000
000 quinquennium 011101 01011010.
010 01 0101011001 urbium 01000111·
11000 0010100 1000100001 Fauii)
1000011οι 00011001 Ariminensium

0000001οι 1010001010 00100... 1000-
111000. 010111001100 0507.

0000011οι 101 0. 1111113000.

0. 000011 Veronae 3007.

0111000100010000 0001010111 73.

0000110001 7001.

01110001 1101101100. 01110101.

0111001 00. 11. 01 eeqq. 1110. canusii

0. universarum 0101001 0001110 0011-
britoque 3700.

p. iiii 0010011100 (cirine) 0083.

0.0100101011(0011101·10010) 0100111010·
rium 0101100010 0170.

0. municipi 01 00100101 interamne
mencionem 0000.

0.001001001010001101001010001110105.

0. 000011 01 municipii 000101 3713.

0. decurionum 01 000011 Amiternini

0101111000 7001100000 100.

0. 0101011 01 0001111 000010101111110
rum 5171.

0. 0100101011 01001100101010 7001.

0. 0101111110100110011 1010000 01. 1.
0100110011 000010100010000101111011.

0. municipum municipii 000. Veien-
iie 10111001100000 010.

0. 01001100110100111 7170.

0. 010010 010011001011101 10100110 3888.

0. 0100110001000 1100001111 05.

0. 0001 101101 000000010000110 0100.

010001 010. 0001010111. inc. 3770.

0. 0100001011. 01000000010005

0 01000110100010011000010001000707.

00 0113108016οΙ 0101011 01 000011101-

0. 010111111 00100100 00 10100010110100
000100 0000001100100010010105000.

0. 00100110 0000111010010010011010
’01. 00010011 00011111 01 00101110
0101 Aquini 0070.

011100 equiii 0010100 001100100100
00000110 decurionum 00000110 00-
1000100000101001110 0000010100
0011100 numni 7000.

0. 00010010 decurionum omnium 11-
ciue 111111110.Δο0101111000 3771.

0. 01111110 100101100110111110
0000101111 300.

iii

00000101011010111100011001 0070.

01000101οΙ1 100011101 1000010000·
curionum 80010111 7115

0. municipii (8010000110. 0. 000011-
100 5303.

0. 000100 10111010 0538.

patrecinium 001111010110 00000111
1111111 0030.

0000 0010000100 0011100 003510.’

0010000 interamnae 3773.

0. 00001001001011011 1011111011 0030.

0. 1000101011 0111001100 01100000·
11000 80.

0. 700001010011000 5031.

0. ι1003010100 0100110011 1001010 11100.

010100 0001010011 Sontini 0033.

00100110 Arimini 3770.
1111100 Pompeii· 70880.
00001011001 1001001 11110101 eque·
01100 00110101 00110011 7150.

0. 0000100100 11011οο00001.
0000010011 0. 0000011101.
01100001 1011001001 330010.
0001100011οι 11011 Neapoli 3700.
0001100011 100. 3800. 3801.
001100001111010101111010 1000· 01. 0100.
00110001001 000000 1010010111
010011 10110011 3300.
80101 100001000011100 3050.

1010101 011111110 0011100 0010111 3007. ·

00100010010100000001 0101000001.
0100101010
1010. mun. 01000. 3700.
1015010101 00011101800110011000. 3701.
0000. 0101 01000010151010.
3111111..ῗῖ m. efficimur 0111.
010. 0101 0000110101001110700.
010. 010000011 3070. 0500.
1111010101000000013703.Ι
0100101100 0101 010100000 7110111-
000οο000130.
0101100101 0101 0111000101) 5003.
11001111) 0005.
0000100000 0010.

00101000 1011. 0013. eise·

0010100000οε 1083.
0300011100010130.
0. 010100001011000.0177·.30113.
0. 0001 Lucretii 00011110 000.
0903000001--0004180000111101 01100-
0. 00010010011001 00100000000 010·

001110οο000 5310.

0. 00010010011000 0070.

 

