111. nn. DEAE. MYTHOLOGICA 711181.

7111111111 1888.

71111111111811, 1.

7111818889.

’71111μῖ1ῐ 888. 8111. 81851 11. 81111

111111.

7111111788. 1787. 1887. 5871.
81111111111, 1. 11111.
81111888.

Τ. 11111 81111. .. 1788.
Τ. 11111 1111 1899 = 8188.

’71111111 1889 w.

711111111811. 1. 11111111 7.

711111 1817 11.

7111111111 111, 111- 11 1111) 5918.

71111111 1889.

711111118111, 1. 11111111 7.

711115818.

71111111, 1. 1111111117.

71111, 171111.

7111111111, 1. 1111111117.

71111111 Κ. Pr. n· 11111. 11711.
7111111887.

71111 1818. 5888. 5918.

71111 1111) 1111111 11111111111111-
1111111871.

7111111 5711.

711111. 71. 111111. 8111. 1. 111.
1858.· 8188. 8118. 8888. 1181.
1818. 8117. 8815. 5878. 8981.
8118. 8811. 7895. 7888. 111111
71111111. 111. 111. 11, 1. 888.

7.111118.

7. 111. 1888.

7. 11111111 (111) 8881.

7. 111111111 111. 1858.

7. 8811111 (1) 1859.

7. 8111111588.

7. 1111811111 181811.

7. 11111111 8881’ 11). 5877.
7. 8. 1111111 18893
V. 81111111 1881.

7.11111 1881. 1888.

7.11.11111 111111111111 1111111 111111
11111118 11111111 11111111 81111

7. 111111 1878.

7. 1. 8111111111 7881.

7. 8181111 11111111 1887.

7. 111111111811111 1818.

7.11111111 11111. 8111. 1958.ΙΙ
187711. 1018.
8117. 11111111 1878.

7.111111111.1. V. 8111111.

7. 11111111 811111111111111 1818.
7. 1111· 11111111(11)1111111 7898.

7111118187.

7. 7111111 1871.“

7. 7111111 1878.ί

7. 8111111111 8888.

7. 11181 1111811111 1878.

7. 7111111 1971.

71111111 Κ. 11111. 111. 111. 1978.
5878. 5778. 8881.

7. 1111111 1118111111 5878.

7. 111111181111111111. 8888.

7111111 1111111111, 111111111111
11111111 1585.

711 8111111 8188·

71181118981.

7111111111111 8888.

711111, 7111111 8188.

7111111111. 1. 7111111111.

7111111111 8881.

71111 11. Pr. 11. 111. 1. 8118. 71111.
1. 111. 1888. 1888. 1881. 1898.
1185. 1788. 8878. 8871. 8888.
8851. 8181 8188. 8858. 5117.
8888. 1111117111111. 811. 111. 11,

V. 1181111888.

7. 11111111 1111111111 8111111111·
11111998.

1111111 111 7. 5888.

Numen 711111 8888. 8881.

7. 111111 1111111111 811.

V. 11111 881. 1181. 1888. 1798. ‘

8878. 8871.

7111111 5881.

7111115881.

71111111, 1. 111111117.

7111111111, 1. 1111111117.

7111111, 1111 -· 11111118999.

8111 71111118888. 8888.

71111118995.

71111111 71. 1111. 1. 811. 888. 819.
1871. 1885. 1887. 188811. 188811.
imo· mn ”¹10¹ 2³⁰⁷· 87ωο
1979. 8881. 7888.

V. 111111111111111 11111 1111111198.
811 7. 887. 888. 8817.
V. 111111111 1111111111 8178.

V. 1111111111 81118111 111111111·
111111111811.

7. 1111111 189. 895. 1781. 1995.
1888. 1889. 8879. 8881.

1111171817.

7. 8111111111 (91111181) 5587.

7.111.8111111171111111111118887.

V. 11111111 711111111118888.

7. 71118111 111. 8789.

7. 71111111 1111111 1111. 8179.

71111111, 1. 11111 7.

11111111 71111, 111171111118898.

71111,1. 71111.

71111111, 11117. 8885.

7111111111,111 -· 8981.

71111 1887. 5788. 5781. 8818.

7. 11111111 8888.
7. 11111111 8881. ·

7111111111111 981. 1798. 8978. mi.

7111111,1. 711111.

 

