vm. 11113 lml'rms. 113

Ν .
(1311111111 11111111 111111111111111ῗ1ᾌῖω11 11 1131111111. 11 3111111111.)

nexem: 111111. 11. 3331.
01111. 3333. 1111111111. 3333.

Tmou (1) 1. 1111. Neptunus ¹¹· 1117.

3111111111111 ΜΨ· &¹⁹1⁸
1111111111. 3337. 3333. ‘ ⁹
R. 515 Pu. 11. 3337.
311111111111 ι 33:⁸33, 3333
m? Μ· ⁰⁸⁰⁸· 3111111111 3311.
Frondem· R. 2⁶71· §.mmm ³⁶11·
11111 11. 3333. 333333331 11. 3333. Μ, 3611,
’1111111111 ’111111 11. 3333.
Aesculapium. 3313. ’1111111111 11. 3313.
1111111 11. 3333. 71111111 3333.
31111 11. 3333. 3333. 11111111. 3313.
3111111111 3311. Ι 1111111111111111 1111111 3111111111 p.
11. 3333. 3333. 1. 3333.
cuplae 11. 3313. 3333. 31111111 (111
11111111. 3337. 1111111. 3311.
R. 3337. 3313. 1111111111
11111111 11. 3333· Ammon 3311.
3111111. 3313. 11. 3333. .
111111111 11. 3333. 3111111111 11. 3313.
11. 3313. 11131111. 3311.
111111. 3331. 3333. 31111 11. 3111111 3311.
11111 1111131111. 1111111111- 3333. 3333.
11. 3335. 1111111111. 33311
1111111111. 3333. 1111111 11. 3333.
111111111. 3333. vum (1) 3337.

7. 1111111 1111111111.

11111113333. 1. 1111111111333. 133313331733· ¹

1.111111111111,1.11111111111111111. 1333. 1333. 1333. 3313. 3513.
1. 1111111 corniculariorum 1331. 3313. 3333. 3317. 11333.
13. 1111. 11111111113733. 1. leg. 111. 3773.

1. 11111111 3133. b· 111111 1111111111 1331.

1. 1111111, v. 111 111. 1113. 1. proc. Aug. 011111 1133.
11111111 1111111, 1. 111 1111. 1. praetem 111 1090„ 1111, 11., em,
11111111, 11111 1111. urb„ 1133. vsu„ 1111. cinq.
11111111 3 1. 11111.. 37331.
11111111 ⁰⁶ ω Ψ· 11111111111111131111111 3333.
11111111, 1. 11111. mo· 11 11. 111. 3373. 7313.
1111111111, 1. low„ 11111. 11., 1111. 111. 3111111111, 1. m. 11 11111111.
11111111, 1. 1111. urb. (11111111 3331.
1111111111 3133. cneus, 1. 1111. 11 1111. 111. ’

a, “manentum 1111. 3733. 1111111111 1313.

11111111111113133 11111111131111111111111111113333.
Amorum 111111, 1. lm„ 11111. 11., campidoctor, 1. 1111. 11. 11111. 11111.
1111111 1111.. 11 1111111. 3111111111 3733. 3333, 1. uqa.

1111111111, 1111111111. 1111. 111. 311131111111, 1. 1111111111.
1111111111 11 111111111111111111111111 (1111111111 113313· 3313. 3331.
3331. 1. ’11. 31111111 3333.
muggam. πη· m· ωῧοῧθποι 0· ¹2· cuum Δις· m·
1

1. Aug.. 331311. ,311111311111111 oia.
1. 3111131311. ¹ 3111111111, 1. um m,

 

