IV. 1188818818. 18
Arg& 1111111111 11111 1111 11111 11111

111. V. 111111. X m.

nonnul· 1118.

V. X. 11111. V 3199.

V. 1111111111, 11111111111815. 1119.

V. 11111111 11811111, mmmm
111111111 1158.

Votum 1111111 1111 11111111518.

8111111111 1111111 1111111111 1111·
111111111 111. 1118.

Votum 1111111 11111111.

1. 11111. 1111111111. 1111. 11111111-
1111111111.

11111 mntem 111111111 8111.
1111111111111111111111111118115.
1. 81111111 539. 1318. 1811. 1318.
A. 8111111 3318. 3881.

1. Concordiae 1831.
A. 8111 11111981. 1198.
1. 8111 111111 1. 111. 11. 111. 8111.
A. 8111 ’1111 1111111111111111111 1111.
A. 11111 1. 11. 5133.
A. 111111 111111. 11. 111.
A. Fortunae 3881.
A. 11111111 111. 8181. 3888.
A. 11111111 11 1111111111 1831.
A. 81111 8111111111 1183 = 1988.
A. 1111111111983.
A. 11111111 1111111111 513.
A. 111111 3115.
A· 11111111 Lucinae 8383.
A. 1111111 81111111 11111111 11111111
A. 1111111111. 8181.
A. 111111118988.
1. 1111111111 181.
A. 1111111111 1818.
A. 11111111 119111.
A. 0111 1181111111 1588.
A. 11111111 111. Pr. 11. 111.
1. 1111111 1111111111111. 1111.
A. 8111 3881.
A. Tempestatibus 1111 551.
1. 11111111 3881.
A. 111111111 1888.
A. 11111111 8881.
11111 eum 1111111111 1158.
A. 1111111111111 1911.
A. 111111 1111111111118581.
A. 1. pamm.

11111111 1111111.

A. 1111 11111111 1111111111111115881.
1111111111111 1811.

1111111111 cum 1111111111 1519.

1111111111 (1111111111 1331.

1111111111.

A· 11111 1111111111 1888.
111111111111 8118.
111 11111111111 1818.
A. 111111111111318. “

An 1111111111 (rm. 8111111811) 5811.

1. 1111111111 11111111 188.

A. 1 11111 11111111111111 1111111.
111111 1189.

Α. 111. 111111 11181111. 11111111
11111111 1818. 5113, cot: 1. meor-
11111 provinciam.

A. 8111111111 8111.

A. 811111 11111111111111819.

1. 1111111 11 11111111 1181.

1. 11111 1111111, 111111 111 111111-
11111 151111.

1. 11111111 1111111 5189.

A. (11111 318811.

1. 111111 111111 131.

1. 1111111111. Pr. 11. 1111.

1. 111111111818.

1. 111111111111111 1383.

1. 1111111111818. 1818.

Asylum 1111111 181111.

1111111111111 1188.

1111111111 811.

81111111 1111111111 1111111111 1518.

1111111111 conuentum 1311.

111111 188111. 1188.

8111111111 981. 1198.1118.1588.1589.
5851. 8888. 8389.

811111 11111111111111111 1388.

8111111 1111111111111111111111111118110 Ι Ι,

Proserpina 11111111111 518·
1111111111.
(111111 1111111 11111111111111111118181.
81111 81111 81111111891. “
8111111 1888 111.
Coronae 1111111 11111111 1111111111 1118
111.
(111111 3133. 8885.
Cum 11111111111111 781.
81111111111111 1811.
(81111111, eorum 1111111) 8133. 8118.
811111111 111111113115.
11181111 1111111 1188.
Fanum 3811 111.
1. Dominarum 1188.
1. Fortunae 1888.
1. 1111111111 8198.
1. 1111111111881.
1. 11111 1831.
1. 1111111 1118.
8. 1111111 1881.·
1. 1111111 11111111115.
11111 1111111111 111111111111111111111·
11111 1 (11111111 811111 1188.
111111 1111111 1111111111 1888.
11111111111111 8118.
1111111 1811. 8115. 8118 111.
11111111111111111111111111111111111581.
11111 1111111111 1111. Pr. 111. 111. 1111.

 

