m. 1111. nm. Momm. uma„ ’ἢ

(1818818181 1788. 8878. 8871. 1818811 181881118185.
8888111811 11881811 nouumque 1888. 11811 88111181 8188. 8181.
1188881811 111181. 81. 1811. 85. 88. 11811 11151111 8188.
1111. 1111. 1111. 111111. 1111. 8111111881111118181181.1118-

8888. 8888. 5788. 181111888. 18881 1. 81111181 8811.
C· 118. 1181. 11. 118. 1818. 8881. 11811 818181, v. 88818 888881. ·
G. 8811118188 1111. 8188. 11. 1818111 (1181 fulgenter mo. ι
18181181 1181881181 1188111811111111 11811 18888188881111111, v. 1888818111..
81811111 p. p· 81 inp. 8181. 1.. 18181. 1111111 8881.
1811 ,1111811181 1188181 18111181 11· 11111 18818181, v. 11111111.
111118. 1. 5815. 11811 1111111 8588818188. 8881. ·
G. Agrigentinorum 151. 11. m. 18181181 8181.
(1.8111111111588. 118111 81111811881. 1888. 8518. 811
11. 8818811118 8111881188 81111818- 811111 1511.’
unorum (1) 5818. 11881 181118818188.
C. collegi} 11111111181181 8118111118· 11811 181 81188111118181.
18111887. 11881 811811181111111188111188181811
8811181181, 811- 8118. 5888. 8815. ·
Consentium 88818111 8188. 11881 1858111111 5788.
8811811818881818 8811818818 8181. 11881 8111111818) 7818. 7811.
Consu! 1111. capr. 11. Aug. 11881 Surrentum 188511.
Con 8881. 11811 1118118 1888. 8888.
Comme, 881118 - 1858. 8811111,1181111111888.
cotom· 8881 188811. 11111. 1111811 ·
881111 18111 185111. Dum 881. ΙΙ, p. 881. 1888. 1588.
881188 1888. 7888. 8851. 5188. 8518. 7888. 1118118181
c. 1118181811, 1. 78111. m. 1181818111. 181. 11, p. 881.
Cupra, 881 ·- 1858. 11188881111111811811181878.
11811111, 1. 1188. 1881. 1887. 1888. 1888. 1857·
881111111885. 17853 8188. 8178. 8888. 8188.
(1158185888. 8888. 8518. 8788. 8181. 8857. ,
8158188887. 8358. 5581. 5888. Gom. 8118. 8888.
Cyllenius (.·.. 1881881111) 1817. 8885. 8181. 88113 «
(11111111. 881 - 1885. 888118111188881.
111811 1888. 11. 888 virgo 8115111111 11 1811111181
D. 1181 5818- 188811, 18111881 8111111111 1881.
111818811878. 5888. 11. 11188118, v· 11111851.
1118111181 1851. 11. 1118111 1857·
1181, 88 81811811 8585. 8588. 8587 . 8588. 11. 1818111 88. 1888. 5785. 8888.
11888 [ems 81 Con 1) 8881. 11. Aug. 1811181111 5818.
1181 1118181111, v· 1118181111. 11. 18811118111111888.

1181 Cyrnus, 1. cymas. 11. 888181811885.1888. 1. 1118181111. .

1181 1111 881. 1888. 1788. 8885. 8878. 11. 8818181881, 1. 8811881111(1)1881.
5858. 11. 8881811111118818.
1888 8818 11118 8878. 1871. 11. 881111888838888. -
118181,1. 111181. 11. 11188111 1888Ι
1181 obsequen· 1751. 1811111 11. 81 1181111 188811 1888.·
1181 11811111 (1) 888. 881 11. 1811811 118111 5788.
1188 81111118 1888. 11. 111181 57811.
88181118 1888. 1887. 1888. 5881. 5888. 11. Loth. 1858 (81118).
1181811188 1788. 8878. 8871. 11. 188118111851.
118118111887. 1111881 5888. 11.18811118111858.’
88818181, 1. 88181. 11. 18188181111 18557811).
1181111881 11181778. 11. 1118111 185818. -
1181181818 1111181118 158. 11.1.81118111888.’ ·
8118 8881 1188 881 881. 1788. 8118. 11. 11188811·- 111) 1858. v
8878. 8811. 5858. 11. 1111111818 8888.
1. 8. 1. 8. 1881181 18181111818181 8118817838·
1888118 811 1788. 1878. 11. 8818885118.
1818. 1118 8. 8187. 11. 118811 1888. 8888.
181 8. 1818. 5858. 11. 1811111 1858·

 

