11.Ι 111111111111, 11111111111111. 111

nullom 11111111111111111111111111101.

1111111111111111 11111111111111111071.

11111111 11111101 11011111111111111111-
11111 Interamnae 1300.

11111111 1111111111 11111111 1100.

1111οῶ 111111111 1111111111 (01111111)

1111011111 nullorum 111111111 1111111

11111111 [11111111111111 Venafri 1011.
11111101 1111111111111111101. 1130.
1111111111 Crenlnenree 3111. 3113.
collegium llerenlrnlorum 111111 1010.
1111111 1111111111 1011110031 es. 111
111111111111, ordiner libertorum.
1111111111 horreorum Gelbrrr. 111111.
1111111 1001.
uellera:3 1111111111 domur Aue. 1111111

qul lmrglner 111111 11111111111111
luem ι1111111111 1111111 0111.
11111111 11111 1111111 1300.
11 111111 030.
cultorne 11111 111111 1111111111 1301.
ennomus 111111111 1111111110.
ww 11111 11111111 eroum 1111111

11111111 11111 11111111011111111111111
qul Pureolle 1111111111 1111.
11111111 11111 1111111111111 1111111111

aarum&
111111111111111111 1111111 1115.
11111111 11111 1111111 0111111110.
1111111111 111111 nonno 1810.
1111111111111111111111111110111111113.
1111111111 1111111111111111111101111111
Foro Sempronio· 1003.
1111111 Ammon 1111·
eolleglur 11111111 Anaunion 1101.
11111111 1303. 3000. 1101.
Brlnlfflum 11111111 1110111111

1111111 1111111111 0111.
1111111811. 1113.
Lueoleroneneer 1000.
’ 111111111111111110.
11111111101.
’ 0111111111101.1100.
1111111111 11111111 01111111111111101.
1111111 011111 3011.
1101111111 1005.
1111111111. 1101.
111111111111.
1111111 111111111111111111 30101·-

1111111 1 1111 11111 111111 111111011-
suun 1001.

1111111 1111111 0111111100.
1111111111 0111111 3010.
11111111 1111111 nullorum 111 1111111111
1111111111 1111.
lunone· lleneelnl 1111111111 01οε

11111111 1111111 1000.
1111111111 1101111. 1011. ’
1111111111 111111111 11111111 olm.
0111111 1111111 1101.
1111111111 (1111111011111111111) 011·
111111 1001.

111ὣ1ὂ151111 1111 01111111111111101111111

11111111 11111111 1111. 3111.
1111111111.
1111111 (11110111) 11111111 uonna 1008. .
1111111111 11111111 11. 1. (ll 011.
11111 11111111 Amerino 1111· 301οε

,11111111 1101.
111111111 0111111100.

roduleeoodnrue 11111101 nomae 1001.

1111111111111 1101111110.
11111101 Velllernr 1111.
11111 11111111 1153.

1111111111 1111111111 ernmlnrloruuo ’

· 111111011103.

11111 nullorum erun 11 1111111111·
1111111111 1110.

1111111111 moenum 111111 11 1111111111
1111111 1111111 111111111111111111
Aug· 1. [r. 1111111 1180,

11111111 1111111111. 11111111 1111111110
11111111 0010.

1111111 erunr 11 1111111 ronne 1510.

11111111 erunr 011. 1111111111111111
11 1.. 1111111 111111 Alone 1111111·
rum 1111.

11111111 Lunum ll. Nonll 111111.
ΑἩο111111 1111 1. 1. orroeon

looomu smnoaoooooo 1111. ’ “ ’
1111111111 lenunculrrlorunr 011111 13001
1111115841111111111111111 1111111111

1111111111111. 111111. lenunonlrrlorum
011111 0010.

1111 corporatorum 1111111111111111 nle-
111111111111 1111111111111 01111·
elnon 1101.

ordo oornorororunn 1111111111111111 leq
111111111111111111110111111111051.

Leonum, 11111111 1111111111 1111.

1111111111 111111 111111 1111111 1301.

1111111111 11111111 11111111111(1101111
11111111 100033530. , .

1101111 1111111 nulllel 011111 1100..Ι

1111111111 1111111111111 11111111 1111

rnrllrehurvolorr'mormaeo.

 

