xi. iuriis ET omem Piiive‘re. iii·

8881888888, 8881818888 8888. 8885. 8888. 88888 8. 88811881 8818
8811. 8851. 8. 8 18888818 885.
8181188118 prime 1888. 118.) 8888. 8. 8 18888188188818811881081188815.
7181. 818818818888, 1888818111881888· ·
818118818 ii. 88888 8888. ii. 8818. 88818 888. 888888 8818.
8. 818188 1188818888. 8. 88118818 88188188 8818.
88818. 81818818 eumeuii 8808. 8. 8 18818 88 81811888 88888818 888.,
8 88818818 8851. . 888. 71. 8888. 11888817. .
8 888. Aug. 8888, 8. 81118811888888888, 8888. 8. 888.
81. Aurelii 8888. 118. 818 88818818 ¹⁰³·
1885. 88 818888881888 8081.
8 88818818 08881088 Aug. 8005. 8885. in 88888888888 mereri 888.
cunum. qm, 0881888188 5078. 7888.
mmm iiii! 8. 8888888888 888. ,
8811888188 8178. liniter 88118 881881818888 7888.
88888188 8178. 8177. 8. 188118818 8888188 81 88881888 8588.
Α m. mmmm, ΑΜ, 8, 8588, 8888, 8. 118888188 88 88888 818 8811.
m, 29⁰8 ψ, 88818888 818818888888 8588.
Α 8888 88181188 8818 88. d· fflifffl¹¹¹⁰¹¹¹¹¹¹¹ 25⁸⁰· ⁶¹⁷5·
cmm iiie. 8. 81 8818888 provocantium ⁶17³·
1188188888, qui 8188818818 81188188 888· ⁶· Thmfflm 257⁹· ⁶¹⁷¹·
vini 8817. 88188888188 8081.
8. 8881188118858. 88188818 8158188 8888.
88888888 88818888 8888888888 liei. Pr. [10181101 4178.
88. 888. 0888888188 8787.
88818888 88888888 5088. liymeeieeerue 8188188188 8888.

0· viuri* 88- tienne· 8888.
Ab eyeio, gieiier ·- 8811. 8888888818 ereis 88881888 8888118 8018.
0888888188 8 viee 8881188 (1) 8178. 1188818888 8700.
8818888888. 88183. 8881 eei. Ε88·*1[,·,·(··111818·)8888818 ²⁵⁶⁰·
88118818 8808. 5. ·
888888188881188881881888 8881188188. ¹³⁸⁶⁸d⁸¹¹¹ 8188181881* 25⁶⁹· 2⁶⁸5·
8888811818888 888888 Graeci 8018. ⁰⁸⁸· m· ²⁵⁶⁶·
11881888 (histrio) 8886. 88888888 1181811888 8818.

8188888888 881888 188.. 88888818 888. 31181818818181118988·
8818. opem pulmone 8880.

8188188888 8888. 8. 888888 8818. 1188118888118· 181· 81· ΙΙ8181818881·

1118888888, 8888188188 188 -8180, 8887. . ''ww'' ²⁹²¹·

2e2s 888 er. 8888188. 8881118885θῦ8· ,
„mmmm „benun ,, 8917, 8888888188, 88888188 888. iii. 1788.
Α 818188881888, Aug. 188, 2795, 8881888888 88118 88888188188 7888.
mecenio· 8888188888888888. 8888. 8888118· 2⁵⁹¹· ,

eiii. 88888888188 881888188188 8808.

8. 888818818811 domus 881811888888 888815118111· 88118818·

8858. 1. 88888188188 7. 8808. 8758.
81888888188 8888. 8788. 8888. 8888. 88 V⁰ri⁰ffli¹¹¹¹¹¹ 5⁰85·

8888. 5808. 5810. 8751. 8888. 88001111111114181.
8818. 8888. 7808. i. 8888881888 8808.

8. 888. 888. 1877. 8801. 1. 18888811 81818888888 8888. ,

8. 88888 8888. 8. 1818. 1. 0818888188 81811188188188 8880.

8. 8888. 8. 888. 8888888811188881711. i. 18188118. 8188.

8888. Augusti 8. 1888888888 8888, 1. 1881881888 88 81888 (818) menime 8188,

8. ignee. 8888. 8878. ,1. 8888188 8888.

8., 888. 71. 818881188888818 8888. f· 0881181881888185.

8. Poppaeae Aug. 738. i. 88811888. 7888.

imp. 888. 8. 8818188888 8817. 1. 1188888188 7880.

8. iuuenem 8808. 888818888188180,

818888888118818818 ’18888818 8888. 1188118888 818888888 8588 8888.

Ti. 818881188888818 888. 8188. 888- 1. 1111 8188818888 8888 88. 8888.
18888888 8881118118 8818818818 6310. 1. 818818 8883.

 

