’111

(1131333307. 3303. 11173. 315111. 3313.
etet. 7115 (t).
1. 1111311331 11 11111111 11313133 3151.
3733. 3773111.
1 1. 111111111337111.
e. 3111111131 3100. 3735.
1. supernumerarius 3735.
11111331131113113 131111111 111113·
1111113737.
11313113 1111131113131111 3111133133
133311 3111331133 5303.
1 centurionum 1131113113 pun 1311331
11111111 3151. 3155. 3157. 3737.
1. 313131131 11 1113111 Romano 13
33111113 1311. 11. 1113111331131111.
3770111. 31113.
111113311 113131133111 3155.
1.1111111131111., 13111. 11., 1113,
111, numeros 331131.
. 1113111131, 111311111, 31111111 namo.
cuum 1111. ”
033111111111, 1111311. 111.
Cornttee 11113333 3111113313113.
3333131131313557. 3313.
331311133111111 3555.
Commenttrtenees 1311331111 111111331-
311311113131371 o. 1111.
, neotumentertte 31311 1113311111.
11313111. 1331311111 035.
0313111013 300· 3551.
33311133113550. 3315.
Contubernalis 3517. 3553. 3557.
Gonreteront 3530.
1131111311111111331 3000. 3505.
, 33131113,1.13111.11.
03131131111111 1013. 3173. 3133.
1. 111. 131. 3773.
e. 111 111.131331311311313 0137.
1. 03131111 1111111131 1111111. 3770.
3131131313111113111131313 1351.
011111, 131311, 131., 311, 11111.
ι11 131311311113 3157.
curetur 33001 es. 111 11111133113131111.
tinet 11111131, 3. 13111. pr. 11313.

131. 1111111111. 111. 111. 1311. 3300.

131. 1111113133 3131.
1. 111111331311 1113051033. 3351.

Cotton 311111111, 1. 1111.
1. 1111111, 1. 111111. 11. 11313.

⁴ 0111131 1113311113 1037. 31311 es. 11.

mot·- 1111111.

1 0111111517. 3730.

3. 11113131111 5710.
3. 1313. 13311. 113131.

Deductus tn corrumpentem. 3031.

1131131 13331111 1700.

3. 11111111. 3107.
11331131 33311131.

3. 33311 3011111311 33511.

’ vm. uns 1111111111.

333113111131113111 3737 ,· 11. 3573.
3. 1313111 31111111 netto 11111113 wlff
3. 111111311131331 70011. 301311.
131331 11111111 3573.
111331 1111111 3573·

33311 donetur 13111313.111111111.131·
11111. 131131 1111111710.

33311. 13111. 1111111. 11111. 1313115οῦ

3. 31111 1111 11 131131 13111 333.

3. 31111 1111 1313311111111 301.

3. 331111 3101111331 131331 1331111
31111 1311 5017113353.

o. 131. 111. 1. 11113 13111. t. 151111.

1111111 13 1131. 11111311 331111113351.

13133113311111, 31111 pure et 11111-
11113 urgento 1311131 13 1111311131
111111111111 11311. 3111 3575.

donatur doute 1111111. 311111111111111,
111111111111, 1313311111111, eorem
3111111, 131331 11111111, 131331
1111115110.

311 doute 311111. donetur 1111311 uru-
111133111, 111111131111, 131. 11,
311111 13111 3111, 11111111 vttt 5177.

torquetur: mttee 3355.

1115131 11. 3131.

torques 131131 1531.

333113331111 131131. 0133131310.
111. 01111. 1111111. 1311. 111311. 11
11111. 1111. 350511.

3. 3. 3311111311111 111111 eontra
111311113111. 131111. 1111. 3737.
3331131 311111 purte 331331 11 eoro-
311 13111113 11113131. 11 11111-

1113131. 3033.

33311311371. Creo. 131. 1. eumue
torquerentur! betto 0113111113 1531.

33311 3. 111113 3113313 31113 1111113-
11113 1311111331, 111311111, purtem,
131331 1111113533.

3. 3. 31113 3111133113, 1311313111, 11·
1311111, 13111111 3737.

3. 111111. 3. 13111110111111113131.
1311131331, 1111111111, purtem. 111311
131113153.

3. 13 1131111111. 1111111 1131111111,
11111111 1111, 1313311 1111 1111111,
1331111, 11111111, 13131 3105.

3. 3131111. 1111313311 3113111 11
3111111111 eor. 1111. 131. 1111. 131.
131. 3111. 131. 1113. 111111. 1113.
13111333313111.

3. 3. 111113 7111111133 13133. nureo
3111. 13113351.

3. 1131311. 0111111133 1111131311. t
31113 1331133, 13 top. 1111133 3111.
1111. 3777.

 

