um. iius mumius. iii

111111111111111111 3507. 3500- · .
11111 peregrinorum 111111111111111111-
iun [ranunculorum 0071.
11511. 1111111111 (111111.) 0.
11111111111110. 10.
11 111111111111 0705.
11111111111111111 111111111111111 51-
1111111111111 0005.
Protectores 3050. 3301. 111111110730.
ur. 0111113111 3537.
ur. (1.1. 0730.
ur. 0111111111111111. 1000.
proi. 11. pr. 3530.
0111111111 5553. 5550. 5501. 0703.

01111111111
11101111 3513. 3553. 5500. 5530. 5003.
1. ,5111111111111111111111111113513.. praeponitur 3100. 3500.
’ 3505. 11111110111111111111110111113500. ¹
1111111 1111. 3500. 3535111. 3530. 11111111111113513. 5500. 5003.
5530. 0700 (ii. decurio 1570. 3570. 3530
1111111111. 111. 173. 507. 3500. 11111 07000).
3515. 3535 ru. 3530. 3505. urniorum 111111 3570. 3501. 3505.
1111111 1111. 5111. 5500. bononuntio· 3570.
11111. 111. 5500. u. 1110111 3530.
1111111 1111. imp. 1. 1570. 3007. 1111111113570. 3501.
3505. 3530. 111111111 3537.
1111111 1111. 01. 505. 5530. 5003. 1101111113570.
11. 1111. 150. 111. 11111. 5003. 11111111111113510.3570.
11.1111.1111111111111111 11111111 11 11111111 3007. 3570. 3501. 3505.
1111511111 u. i. mil. 50733500. 111111111113510.5500.
eq. 1111. 111111111111111111113537. 111111 1111111.

11. 1111. 511. 5553. 111111111111, 111111 1111 purtim us.

11111111111111. 3503. 3537. 111

11111111111 30001 1111111 111 111111111111111 1111111111.
1111111 11111 0111111111 5530.

11111 1111111111 1111111111 rium 500.
b. 511 111111111111, υ. 11 1111.

1. 31111111 1111111111 0713.
ped. 1111. 01111111115553. 00501.
01111111, 1111111113533.
11. Augurii 3535.
11111111 uitiorum 11. 0033.
111111110707. 0771.

111111110707. 0771. 1111111 3530.

Numerus Syrorum 11111111111111 0533. 1111111111 0533.
Numero 7111111111111) 3515.
01111111113100. 0003. 0333. 111111111113100.
1111111111111111111111, 1111111, 0111- praeponitur 3005.
15111111 11 Phrygium 3005.
11111110111111 0111151111 0011. 111. 0011.
11111110111111 11111111 5111111 Pur·
1111111 51511111 3303.
111. 11111111 1. V. XX. XXi. 0553. 111111110553.
111. 11111111. Pru· 11111. 0030. Ι 1111110030.
111. 0111111111 5053.
111. 01111111 Parthie. 3575. 11151111 3575.
111. 11101111. 0031.
11101. 11111. u. i. 05583300.
111. X. 1111. 0000.
111. ΠΗ. ur. 3000.

 

