V. Immonns ET IMPERATORUM mmm. ’10

11101101 0111. 1110. 001. 101. 111. 011.
0111111 010101. (1. 10110011.
1010. 010. Ρ. 01110101 1101111001 01110.

11100 111111 101.-00010111. 1111).

001. 111. 101. 111. 0. 0. 011101 (1.
100 [01]) 1001

0. 0. 11.-41011. 1110.- 0. ἶ. 100. ἶ.
3⁸30th 111111 1. 0101011001)

01000010100110101111101 Aug. ᾗ
101. 11. 0111001101 111. (1. 100)

1011οἾ00111. P. 11110101 1111111001 Ρ101
111111 Aug. 01110. 0111.-00111υ 0111.

11111001 1011. 1110. 001. 111111. 101,

11. 011100. 111 (1. 111) 0010.
00101110 00100100 1110. 01111101 100.

00100111 01100101 100. 1000.

01011101011101. 1000.

0111111111οι 100. 000101 1111110οΙ 10-
010111100. 1010.

0100110101101. 100101 0. 0. 011-
110011011111 100. 1011.

00101111 0. 100101 1100. 0111. Ρ. tt·
01011 011111011ος. 101111 Ρ. 0111011
00100111111111101 000111111011 011·
11111. 101011111001111101 0100.

01100101 1101110101 Augusta 1001.

Ρ. 0011111101 1101111111 1010101101 000.
m· im·

000. 0101. 01100001 1011010111, 11-
00101 0110100. 00. 11111110) 01
01111001 1010. 0110.

1111111001000. 0111. 1000. 0110.

111101 010111 Ρ. 001011101 11110101
1110111001 01001 1010. 0111. Ρ.
1111011111111101 101.. 111100 1010.
0101. Ρ. 111101101111001100.. 111-
101 Ρ. 00101111 1111011 01100101 000.
0111. Aug. 0000.

111101 1111111001 0111. 0010.

Ρ. 11110101 0010111111 0010011110 1011110·
1111000. 0111. 1011.

Ρ. 001011101 011001ου1 1111111011
000. 0101. 0001. 1001.

000. 0101. 011011011011010111, 01.
11001111001100 0010.

11110101 0010111οι 0. 111. 000. 0111.

ΡἪ11101010. 111. 00100111. 0110·
1101 1011010111 0011.
Ρ. 11110101 0010111111 0. 000. 0111.

1010. 1). 101101 01. (1111101101. 1101·
1001011 Aug. 101010.

10110 00011111. 000111. 01.(11111101101.
01 001001011100. 101010.

Ρ. 11110111 1011110001 100111 0011111111·
0101 111(111111111111111)0011.

1110. 0011. tt. 0101011101 00110101
Pontum Ρ101 111111 10111101 Aug.
011. Et. 0001. 11111. 1110. 001.

101. 111. 0. 0. 0101 (1.100-101)

1101121111Ι 0. 11. -01011111100 10111.

1100.51ἐ.48 11. Ρ1000111111 11110110011110.

1100. 0111. Ρ11100101 1. Ρ. r. 1010.
11110110 010101 1111011011 1011.
11110. 0011. 0. Potentius 11111111 1101
10111 101. 0010.
011101110010100000111. Ρ. Ρ. 101.(11
1100. 0011. 11. 1111. 0101101111 Ρ101 001.

100. 0001. 1011. 1110. 001. 11. 010·

101. 0. 0. 0011001001 01101101

(1. 100 111 110) 1010.
0110101001 Ρ. 0. 1111001100. 0001.

0111. 1110. 001 111. 100. 010101. 0.
0. (1. 010) 100191000.

1010. 01100101 100, 00111001001 .
01101001 1010.

111101 01. 00101001 0111111101 0101 00·
111 111101 11 010010111011010011
1001010.

101οΡξῧ11Αοᾰιυῖιι1ἑ111 11051151ἓο010 Ρ101
0 θ ¹⁰⁰⁸· ι

10111111 10111101 101. 0001. 1111.
01101. 0111. 0011101 0111. 0111011011
1011. 01101. 1011010101010.111.101.
0. 0. 1010.

Ρ. 011. 1111. 0001. 1011. 1110. 011.
0. 0. (10101011.

101. 10111101 0. 01. 1110. 001. 101.
0. 0. 01101. 101101. (1. 110) 1011.

Ρ1010011110110101 101. 0001. 0111.
1101. 1011. 11. 001 1001. 11 0101001.
0. tt· (1111011010.

010101.-011. 001. 10111111 1011. 11111.
01111. 001. 111. (1011. 11) 0. 0.
(1. 110) 1000.

Ρο1011001 1111011011010101 10001010·
11010101 1010. 1111110101010111.. -
1101 111111 101. 0001. 11111. 1110.

001. 1. 101. 11. 0. 0. 010101. (1.
111) 0010.
1010. 0111. 1.. - 0310111101-101.

0001. 1011. 1. 0 111. 110 111. 001.
01. 001. 0111. 10. 00. 10. 011.
ι. 101. 111 (1. 1101) 0001.

0. 0131001011 10111101 1110. 1001

1010111001 100. 1001.

01101 1011111000 1101.

11111111 1101100.

111010 snm 100.. 1001010. 0. 100.

10101110) 1000.

101111 1111101001 0001.

 

