lx. RES remmus, ¹

0. ceretro-err
1100010100 0101101100 0. er 110001010αεί000
00011010 000011 1101110111.
Cantor 0000 11 11100 Fere. 7110.
0010111 nudemur 1000.
alimentorum 011100000000010000001

00301500 0010. 01110001. 11000 Fue.

010010101001010Νο011101000010003310.
0000100 0000000 Carine· 1001.
1101101011 0150.
Praeneste 3331.
0000000 10100010 0111000150. 3503.
0000000 01001111000100. 3155.
0000000 000010 0000οΙ100 Ameriae

010111) 000000010000100 1101.
0000100 1000100100οο 000011 1. 100.
3001 = 3335.
eumer equee 10100100 3305 ε7033.
00001001 remees 3881.
00000 00000000 1111010887.
00000 00010111001100. 7110.
0000100 0101010 1101010011011 35010.
0101001 Ramnetum 0001011100 1101-
101101 331.
110000110011370. 7151.
10101001 0111001110100000010 010οΙ0-
0100 1000000000 1033.
0010100 0010010010001101300· 303. 308.
37ος 0011000100οι 0 00011010 0101·-
1011001 watonem.

0000100 1001 715000 3301.
1. 100. 1318.
renerum 10 erro Veronense 5330.
’ 1001 fleterne 01010011 Tibure 3300.
3701. 3300000133. 0130. 7113.
1001 10010001 0000 1100100001 3371.
00001000000010001001111011000100111010.

0000101 1010οΙ1 Tartareae 7153.
Tolosae 5580 0.
001 0000101110101010000 31.
000010001 10010 1100010111 1313.
0001100110 8101000101 11000100. 3155.

Ἣ

0000100 10000011 1111100 3030.
11 11010011 0000000001111000113730.
10000011 10000100· 7117.
001 1001001. 0001017115.
0110010101 1010000011 1000000101 00-
mere collegi! 1000010 1000.
0000100 1010000111 1011111 8310.
1011000001. 7001.
1100011οο00οι 1131.
remeare 3031. -

cerr-er. 01000 100. vor. 01.

101

1010000111 001 00011000 00101011 7171.
1300000000 001 0100011110101001

101. 1101000000 10100 00101010-
100100100. 110 1000.

000000101 00 eurem 1010000011 001 0.
1300011οο100 0 0100 7101000 Per»
10100 0100 1100. [10001000 100. 1007.

0000101 liberorum? 0010. 0000111100.
000010110101 iuvenum 11111010 1710.
0000101 munem 0001101 00 Deam 100.
1000000100 1035.
11011100 118.
Praeneste 1107. 3031. 1330.
10331.

Teate 1010.
10000111 0101 001013000000113370.
munem 0001101 0100101001 11111001-
0001 3533.
01000011 0100101001 11111001 Deae 0735.
urgereris cernerent 10001100 10013

0000 01000011 0001101 101000100 00011·
01110010 Fundis 7007.
0000101 operum 000110000011000003710.
Areae Fue. 3155.
011100 3301·
00000100 00011000 01 0001010 00011-
00100 0010113837.
0001010 publicorum 70001100 00101 “
0011110 110001000 1000.
0010100100.101001001001103303.
00301ιᾶιέ00011οο00100100000000111001

0000100 (000011) 31001110 113.
000111 thermarum 00101 00 1010300·
2013001000 Aug. veneronum

0000100 0001 101001 Beneventi 5108.
rurere’or⁰ 0000111 001 00011000 0100100000

00000100 00011000 1001100 3030.
3011110370.
Veneriae 3150.
00000100 00011000 0110011000 0101101-
0000000 0011003883.
00000100 00011000 01 0000001011οΙ1-
· 001010 meror 110.
00000100 100010 11100011 3730.
euertere· 80100011) 11100101 1315.
0010100 0100001 110000000ουιο 111100

00101302140110001001 10010000011010 11

eure 10001011000100110 Tarraconem.
0000100101οι 001. 100100. 1108.

Q

10100011 11010011 (0001000 [01000100
100001) 0007

Auem 01. Aerem 00.
l

 

