ι 15. 5555155151 5551551151.
8555155 151155151151158 (15115115 551

511 1555111 51. 51.).
8555151 155. 55. 51. 5151. 1115555155
5115515111 798. 958. 1555. 8595.
855. 81.),1155.1 gg 55. 5151. 51551155 758.

15511155. 515 55. 5551115111551 1151115
Quintis, 11515 1155155 1515515511

115551151515515115 9891551. 5998.
5577. 5598.
1155. 8551. 1155155 7551151 155. 855-
1555151 1155151 5151. Ι. 151. 5151.
11555155 1555515111 8988. 5581. 5589.
5578. 5579. 5588. 5597. 5599.
855. 155. 55. 51. trium 1115111551, 11-
5151155155. 55. 51. 5151155155
51555155155511551155781 51. 5579.
855. 155. 55. 55. 5551. 915555115 5599.
5589. 5581. 5589. 5555. 55958559.
1515. 1151155 75515518551. 155. 851-
1515151 1155151 5551. P. 5559.

951555155 1515515515 981. 1859. 81851

8555. 8715. 5189.

11111 7511551 91518151 51 imp. ’1151151
115851551155. 5151. P. 15111) 5559.

955555155 55555155118185. 8951.

8555155 5515515515 15 555115511 (851-
55551551 1155115519555551151) 15-
15115515 8589.
855155. 55. 55. 5551. 855155 8185.

5997. 5558. 5585. 8799.

1155. 8551. 155. 15 85115 579.

11111 8155811 5111515515 8151181155.
15 85511 8198.

1515. 15155151 155. 91155551. 5551.
851155 5585.

85515115 855155 818·

155. 55555155115151. 851115 8588.

155. 11111 1555511 1155551 855155 51
9555515155 5855. .

155. 1555. 51. 51. 5555555 5551. 855115
Phoenic. 995.

5. 855511 1555115155 5151. 5151151111

8555155155. 9979. 8889.
1555. 85511515155. 5. 5. 8595.
85515115155. 1811. 5885.
11111 1555511 3199.
Ti. 85555115 1115. 9975. 8151. 5858.
71. 8155811 81551115 155. 898.
855155. 55. 55. 5551. 1551115. 189.
5919 8997

855155. 55. 55. 5551. 15511155 8855.
8919. 8915.
1555. 5551. 15511155 8899. 5911.
855. 1155. 15155151 155. 15155155 51
8511555155 77.
155. 155. 51. 55. 1115555115 55155 5115-
515511151551515555 555181115155551
5151155155 5515151111 555151518915.

“ 111
855. 155. 5551. 5551. 55151555 5558.
5599 7198

11111 1155155 5559.

855. Divi 85851551 15 8111511 81881
5515185 comui (55151 51 1551151 15
8111511 1155. 15155151155. (15191
uiam 1511111 15 5155111515 (55551
55111515 5185151.

855. 155. 51. 51. 5151. 1115155551 988.
5558. 5589. 5798.

111 1155151551 8917. 5918. (Provincia
115515 551155 5511515115 11511 51.
cupit. 9511591511)

8555515511 1115111551 1118919-8551-
115155. 155. 55. 51. 55188875155·
1511115 511, in 1555115115 5515151515
numius. 5555155151 1558551585115
monumento 155. 51. 51. 551. 8551555-
151 81511151 (1155. 51. V. 959, 8).

155. (8188551155.) 55. 55. (5151.
855.) 819

(11551551 515 15115515 eum 1155515 15-
51551515 minuetum 51815115 55155
15 1555111 miurinus.)

855. 155. 55. 55. 5551.(15151155 8955.
8557. 8588.

81151155, 91518155,911555155, 85555·
5155, 15151155, 955815555115, 95511
85111151, 9551195155551551, 11-
5155115 5919. 1

85515555. 55. 5551. 1585555 5598.

51155- 11 9551. 5551.
855. 1515. 1151115 7151551 85555515155.
8555555151 1155151 5551. 85585555-
Auxuma. 5. 851511, 855555111, 85115)
5551. Lugudunensis 999.

8553131355. 51. 51. 5151. 8511155115 9759.

Ti. 81151115 155. 5551. 8. 8198.
8. 85551115 8551515151 1155. 8855.
855. 155. 55. 55. 5551. 855115 519151-
5551155 5551.

855155. 55. 51. 5151. 1155111151 798.

Lug. 155. 51. 55. 5151.11551181151871.
8585. 8879. 5859. 5591. 5799. 5799.
5591. 8597. 7598 b.

5555518551555155 5881. 15515 1555155

1151118155 81511111 155. 155. 55. 55.
155. 111155. 5558.

855. 55. 55.111117151551515115515595511
51 1111555115 8559.

8551555 55. 51. 5551111511551958.

8555.ἒό115. 55. 55. 5551. ’18155155 899.

855511, 85 quarum niquitate 51 515·
51115115 51511 55551511

855155. 5958135778. 5595.

85511515759.

 

