11· xj 11111111 11111,1111.111, 1111111.

coruus 1101111111 1111111111 1111111 1111111111111111111111.’11111111111111

0070. capenae 1100οεοο80.

1111111111 1. 11111111111. collegium 11111ι1111111111111111111

culture: 11111111111111110111111011. 11111 80.

, Tibure 1000. 11111111εο800. 7001.

1111111111 1111111111111 1111181111 0070. Mediolani 1700. 0137.

1111111111 labrum 1111111111111) 3080. (1111111110 11 Piceno) 7001.
111. Apul. 3000. 3800. 0050. 7010. (Culleo 11111110) 3701.
1111111111 3780. 0081. 0080. 1111111111110133.

1111111 3301 (1). 0138. 81111111 0000.
11111111· 0080. 0008. 1111111. 3700.
11111111 3010. 3000. 0000. 11111111111111111111111111111110111

colleglum 11111111. 1111. 11 3. C· 11111 1111110177115113.

11111 1111111 0707. “ lullae 0111111 7108.

1111111111 1111111 1111111111 1111111111 111. 11111. Coun. 7018.

5117· 11111 1111. 1111111 111111111111111
1111111111 11111111 Cremonae 0000. 1111110100.

bononensium 73. 1111111111111111. 11111111111111111111
Eburo· 7105. oceno· 3300.

01111111 3888. ’ Folle-loe 3030.

0111111111 1050. 11111111 1111. 1111111111. 1111111111
1111. 0050. ,11111111 3177.

111. Baelo. com. 7018. 11111111 1111. 11111111. 11 111111111ιο

’“ 1111111117οΜ. 0050.

Ρ11111113700. 7177. 1111111111 111111111111 111111135.
,11111111 3030. corpu· 1111111111 11111111 1111111111111
11111111 0075. 0000. 11111111011111 0850.

111111111 707. 3000* 111111111111111111111111101111110075.
Salonoe 500. 1111111111 111111111111 1111111 0000.
’8111111111111113033 5085. 7071. 111111111011111111111111111111 0008.

7100. 111111111111111111 11111111 0130.

7111111000011. 11111111 11111111 1111111111 riom
leurllum 3350. 1751.

Veronae 0003. 11111111 0111111111 1111111111 0003.

1. 111. 0003. collegio 11111111111111111111111111.
ln 1111111111 1333. 11 xlll gem. 0000.

corpus 1111111 novellum 0111111111. 00111101·10111111Ρο111111110100·

11111111 S. C. 11111 111113100. 'unm‘ PM& ³⁹⁹¹·
1111111111111111111111 01111111117100. ,31101101 ⁴⁰⁹1·
colleglum l. ιι. Plecurenelum 0080. 1111111111 lullonum Fulerlone 0050.

lohel 1111111 0111111113141, collegium tumulorum Toronll 5000 ep.
colleglum 11111111 1111111111 balleolum ⁰⁰⁰¹¹²⁸¹l¹¹¹ln 011101 leulnl 01 Norico
· 111111111111111111111111111111 1⁷⁷³· ’
Aug. Pompeluu. 1111111 0085. 1111111111 0111111111 11 111111 7000.
1111111111 labrum 11111111111111 7015. 10111111111110111111001111115771·
colleglum 1111111 1111111111111 11111 111111111111111111111111110111110087.
’11110155 1111111111 11111 1111111111 1111111111
1111111111. corp. 0111111101 7031. 1111111111 811111111087.

corpus 1111111 llguuerlorum 11 1111111111 (1111111111 111111 0111111870. 070. 0100.
1. 1. Lugduul 1111111. 7000. colloglum grelllorloruuu 111111111111111-

1111111111 luorum llguuer. 011111 800. moe 0007. >

3017. 0087. 0500. 7000. 1111111 01111111 (1) lusum 0000·

11111 1111111111 1111111 0180. · 11111101111111111111111 Puteoli· 0303.
111111 1111111111 qul 111131111111111111 (1111111111 11111, 111 11111111 11111·

1111111111 5010. 111 1111111111111111111111111111.)
culleglum 1111111 1111111111111, qulbus 1111111111 11111111 Telesino 7313.

118. C. 11111 1111111111 111 To- 0111111111111110070. .

111111 6715. 11111111 111 11111111, 11111111 11111111
1111111111111. 111111171111111110088. Beneuento· 0010.

l. 1111. 00. 3301231135. ’ cf. 11111111.

 

