vm. RES 0115173303.

0. 0011000000οΜ0.
1010. 03. 3000.
00110100 10100οΙ 3030.
00000100 000. 000100.
0000301001αο 1010001100.
comunimus 0010001 1301.
ι 30010000100130.

00000100 [1000000 3030. 00110 111 10111 100.

0000000100... ι, ιι, ιιι 00. 2322 :samm

0 0000011001000 100000 000 0001000 Ve-
rum 00001. 1100101001.

0000100 103. “
01001100 033.
0100010010 100.
100000001οι m.
00010010 000. 0700. 3353.

. 000. 1 Urbana 5030 = 3770. ξ 1010. 3007.

000. 110100101οη0 3007. 00010010 5030 = 3770.

(000. v111 Urb. corr. coh. xm Urb. 3005.)
con. ι urb. 000. 000. 0000. am< 100· 3570·

3077. 3000. 3570. 00010010 3000.
con. ιι 000. 00. 0000. 0000. 0000. 10071· 01000770.
0775. 3773. 00010010 3775.

eon. 010010. 0000. 0000. 0000. 0000, ζῗξίυῇξᾚξῖ·

ἓξὲξ· θῇῖἐθ·68ἒξ90· ⁰⁶⁹⁷· ⁶⁶9⁸· 00110000000101701.
· · · 01001100 3553.

”’ ω· fimum ¹⁷⁹¹· .01000100101010. 3001. 3800.
1010. 3005. 3538.
00010010 3005.
000. 0111 1100000 710. 3005. 3033. 0003100000000000100803.
3533. 3333. 3303. 00110 000000103303.
01001100 3083.
0011001100 3083.
1010. 3000. 5053. 3033.
000. 711111 1100. 0003. 3003. 3000. 3510. 00010010 0003. 3707. 3771.
3338. 0070. 5053. 3707. 3771. 3333. 0000100 1010001 3513.
01001100 0070.

0. 00000100 01011000.

00001. 113· 301. 1088. 1110. 1011010.
1000. 0700· 3100. 3053. 3071.
50551 3310. 3750. 3753. 3750.
3701. 0007. 7170.

00000001. 3033. 3510. 375037530701.

10100000 01011000 3750.

00010010 0750.

0310100 0750.

000030100100 00001. 103.

ox verniculata 00001, 001 primo 01001οω
1000. 3000. 1101001000 Aug. 0100 p.
0. 003100031000030100 30310 3053.

ex 000010010010 00001. 0753. 7170.

1100001001. 0. 3750.

00110 000100100 3750.

10000000100 0001100100 100.

0001000100 000100100 100

. 01011οι,υ.0000[00000, 00000001.. 1010.
010. 001.

 

