' NOTAE.

8 11111 1888 111.

8 8116111111 1881.

8 1111111 3818. 5581.

8111111111187.

8 8111111 6116.

8 1111111611 3011.

8111111111 1101.

8 11111811 3171.

8 1111, 111 111. 3708111.

81 8111111 6115. 6581.

8.1 81111 1111111 6181.

8.1 81111111111111111111(81163385.

818 8111111111 1111111181.

816 11111611 11111111.

818 ,8 11111111 11111111 3716.

8.1.1) 1111 11111 111111111 11111111.

811. 8111111111ἰεῖ 1666.

811. 8111118118.

811. 811111 561.

811. 81111 1611. 1756. 1163111.

811. 8111111 1711. 1035. 6111.

8111 811111ιί1 6153.

818 8111111116111 3131- 3611.

8.1.8 8111 11111111 1111111 1831.

8 . 18 . 6 111 11111 dedicavit 1581.

8.116.8 8111111 (8111111) 111.
1111111 1588.

86 8111111111 1351.

8.6 1111111 1111111111 711. 3115.

8. 6 11111111 111111111111781..

8. 6. 1111111111 11811117 1385.

861 1111181111 1117.

888 8 1111111 1111111111 111. 1, 1. 517.

8 . 6. ET. 1).1) 1111111 11111111 11
decurionum decreto 1187.

8.11. F. 6 11111111 consulto 1111111111
1111111111 3183.

8. 6 .1. . 1) 1111111 11111111 11111 11-
111 1781.

8681111111 6550.

8611 11111111 6866.

868168 1111111111 1111111111 3111111.

86818118 . Q 1111111 1111111111 1111-
1111111 3113.

81118111111111 1853.

868. 1188 111111 1111111111 1850.

86118 11111111 1381.

868 .Q 111111 1111111111 1518.

8111111111111111 1851.

86 1111611111. 1. 1. 517.

8.11.8 8111111 611 1111111 1508.

8.11. 8. 1 . 11 11111111 111 81111 ln·

· 11111 11111111 6018.

8.11. 1.. 8. 1) 11111611 1111 1151111
11111611 1111111. 1801.

8. Ι) . 11 1111 11111 111111 6118.

88 1111111111 11081118.

8116111111 5117.

886 11111111171.

888. fl 11111111 1111118116. 3181111.

817

886. 18 1111111 1111111 11111, 1. 101
sufflatu smus-vu 1111.

88618 811111111 5116.

8811 1111111111 3118.

88118 . 1866 1111111 1111111 1115.

8871 11111111111111.

8811 111111 11111111.

8881811. 8118111111 11111111 8816.

8881 811111111111 1016.

8811 8111111118111111111.

8811 8111111 6116 111.

888 111111. 11111 11111111.

8886 111111111111111 3116.

81 111111111111111 68811883888111.

8.11111111111111101.6615.

8 .Ι 811 11111111 18Ἇ.

818 1111111111 6781.

816 111111118378 111.

816 1111111 1581.

81611 111111113173 111.

8186 111111111111111111.

81.. 11 1111111181111111111 16681083.

81.. 111118 1111115111 1111111111 551.

811 1111161111 3171.

8.11.8 1111111 111111 111111 1308.

8.11.711111 1111111 111111 1680.

8. N. 81 1576.

806 1111111811) 1811.

806 11111111 3101 111.

801. 81111 , 811111111 5163. 5161.

8. P 111111 111111116167. 11111 111111·
11 6166.

88111111111 611. 1561 111.

88 811111111111111.

8.8 111 1111111 11111111.

8 . P 1111111111111 3136. 3173111.

8 . P. 6 111 111111111111111111115001.

8. P. 8.8 111 1111111 douo 111111
15. 16111.

8. 8.8.6.6 111 1111111 6111 111611
6111111111 5108.

8886 11111111111116115.

88 ‚F Spuri! 61111 11111111.

8.8.1. 1111111 1111111111111111111

881.1111161611,11111611111111111111111.
8.8.0811.8.0.8.8.8 3583.
88011 11111111617. »
8. 8.8 111 1111111 1111111115. 5610.
8. 8. 8. 8 1111111 1111111111 8111·
11111111 3083.
8.8. P. P. 1). Ι) 111 1111111 11111111
1111111116111111111161111111167.
8. Pl 8. 8 111111 11111111 11111111111

8 . 8 .8. 8.8 1111 1111111 1111111 111
11111 1311.

 

