88

ῙῙΙῙ 111. 111 delum 11 11111 ...... 111.

¹ 1111115111 11111111 1111111111ιὶ 11111-
11111 31111111 1676.

¹ 1113. 1111111111ο ,1111111111 1111111111

--——-——-

Palrlell 11. 713. 8301111. 1151. 1162.
1111. 5591. 5597. 6108. 6511.
11111111 luter 11111111 773. 3013.

lectus ln 1111111111111111111321.
1111111111 1111111111 11111111113011.
1111111111111 111111111 1 111111 71111.
11111 5117.
1 11111 Τ1111111 11111111 6006.
11 11111. 6111. 71111111 1111111111
111. 3135.
1 11111 Pertinace 8051.
1111111111 1111111111 0173.
‘ 1111111111
0111 equester 716·
111 11111111 11111. 1111111111111111
7332301811.
1111113051. 3757. 1081.
11111311111111133.1181.15181311.
1152. 1330. 1533. 1635. 1731, 3050.
3180. 3560. 3758. 3761. 3815. 3939.
33931010. 1077. 1101. 11151513.
1551 5000. 6817. 6906. 0950. 7011.
7231. 7377. 7118.
11111 1111111111 111113017. 8103.
11111 11111111 Rornanorum 3710.
1111111111 11111 1111111111 110. 1856.
3051 (l). 3108. 5037. 6111,
1111111. 11. 11. 1111111 honore 11111111
11. 11. 1111111 1111111 7088.
1111111111 1111111111 111 111031.
eques 1111111111 11111 1111111 61. 1173.
3319. 3311. 6168.
equo 1111111 80. 88. sol. 1183. 1188.
13101513. 305511. 3081. 3100.
3153. 3155 3130. 321332861120.
,Ι 3723. 3711. 3768. 3777.’ 3783.
3790. 3831. 3835- 3853. 3813. 3877.
38115. 3888. 3830. 38113. 3300. 31101.
3305. 3303. 10311051. 1033. 1101.
1313. 11161. 5017. 6603. 6631. 6651.
1710. 6851. filla-2. 7071. 7077. 7171.
1111111 111111 111111111 1676. 3811.
5175113511.
1111 1111111111111111111111 3051.
1111 publico 11111111 2151. 3819.
exornatus 133. 3713. 5131.
6003. 7016. 711111.
1111111111 1111 1111111 7113.
1111 1111111111 11111. 1111111111 6531.
1111111 1111 1111111 111111. 3111.
’11111111 111111111 Aug. 3010.

711. RES PVBLICA mmmmm.-

11111 11111111111111111 11111111111111
1111111111 11111111111111. 131. 3858
1111111111 11 1111111111 1111111111

3703.

1111111111 11111 1111111111 7171.
1111111111111111. 1111111111 111.
Plo 1. 1. 1119. ’
111111111 11 11111. 11111111 el

Vero 1111. 6113.
1111111. 1111111111 111.. eum 111
1111111111 11. 7 3053.
1111111111. 711 6110.
11. 111 (llll.

11 111. ’,1111111111 11111111 111 eque·
1111111 1111111111 11111111113013.

equestris 1111111111 puer 7171.

1111111111 1111111111 1078.

11111111 1111111111111111111111 131. 133.

11111111-111 3013.

1111111 11130. ,

1111111 11111 6111.

11 111111 11111111 3733. 6768. 6771.

811111 11111111 111111111111731.1171,
11111. 1158. 3151. 3183. 3383. 1501.
6603. 6011. 6013. 6188. 6131. 6135.

11111 1117721791. 1761.

1111111111111111111111111161816185.

turmae 111111111111111111. 133.
5135. 6715.
11111 1111111111. 111111111111118377.
3131. 8130.
11111111 1111111 11111111 1007.
11111111 11111111 6018.
1111111- 11. 11111111 1111111111 3011.
3016. 3101.
11111111 11111111 3015.
1111111. ll. 11111111 1111111 5339.
1111111. 11. 11111111 11111113135.

611111111000, 1175. 3061. 3031. 3163.
3363. 10601083. 1915. llo-28. 7085.
1 11111111111111111 1111· clientes 3063 =
clientela 156. 1073. 3056. 3957. 3058.
3633. 11113.
1111111111 1111111 111111111038.
1111111111 saelum 11111111111111111111
cum privato 3956. 3057. 6113111.
1111111111111111113056.30573058111
1111111111. 111 1111111111111.
11111111 111111111 3633111.
1111111 1111111111111 1111111 3787.
1111111111 11111116115.
111111111111111116115.6116.7000111.
11111111111111111. 1111111111 3011.
1111111111 (1111111) 513.
1111. 71111111 1111111111 3018.
11111111 11 11111111 prov· (Nerboeensle)

 

