j. 61 s vn. 61611661661161161166111. ’

61611611666116. 7111116. 76811). 6666. 6616616 666.

6676. 6166616 6866.

1166616611 6655. 3661. 6666. 6666. (pro 66111111 1661161 66111111 8765,
. 6666. 6166. 6168. 1666 11116116.)

Foro 6111115166. 1161116666661661.11.ρ.11-66,’61166- ,
11616616116 5166. 7671. qno ipso 611 11. 6665 adnotant. 6616-
Praeneste 6665. 166161661661116116 proposito 666
11611116 6676. 6681. 1611111111 inscriptiones 6666666166·
’1116616116 7666. tur. 6166111111 1116111 611111 1116666111·
1116161 6665. 6865. 1616 quadam 661116 16611 6111166616

6116666116. 11611116 766. 6666. 6667. 1161111. 616166161666161616161111,
6666 tp. 6666. (116116611611111611611611111111611661161
Terentina, 11111666 5167. 11. 616916661161161 6661666116, 1116111.
111616 3657. s. Δ116111161111161666116616111866, ρ.
66111116 166. 6161666.
Gustu! 635711), 2⁷97. 7116116, 61161 61611111 6111116161. 111616 tn
1116161616 6811. 8166. tribuum 1166161661 6111116666 16. 611
061116 6166. 6665. Sunt 66161111
6666111 6686. 6776. 6666. 7166. 166111 1766.
. 7166. Augusta. 161. 11, 11. 16, 6.
Tromentina, nomm„ ⁶577, 6657. 11116111, 11111. 7.
16 1161616111 6861. 1111111. 10111. 1)- 11. ²⁰·
1116111161. 7666. 111111 1 n 1 15, 66.
(1111616611 7668. 111611 n t 6 16, 56.
Mmturnis 3817, ’1111161 1111161
66166116 65. 67. nnn· 161.11,6.16.6;6.66.11.1.
y 8116611566. 56666665. Campona 11 n 1 6; 11 n 16.
1661181111611. 1667. 611166 6 1 66.
661113668.’ 01666111667Υς ,1 11 nt.

. 6611616, 1611116116 6651. 6686. 6166136751 1 1 »5-

11111161 6666. 3868. 6866. 3666. 66161116 16111, 1668.
61113611 3812. , 61111111 nott: 161.11,6.68,11,6.
6111111666 7678. Et. ι. 6 n 6 n 7.
1116111116. 1166. 3111. 1166136861 » 6 n 1 1· 8-
11161111168. 6111111611 n n 11 n 16.
Ligurum 61611. 6657. 7666. 6616166616 1 ι u 6 6 16.
661661117177. 0611661161166666. 6 1 6 1 11.
Pessinunte 11675. 61611 161.11,6.186116.; 1 11 16.
1161116636. 61111111 11 n 11666.
· 11161616 5165. 816161.6666111116686·; 1 1), 6.
66111616,.161161111116167. 6611116111 n 11,16.
1161116 6611116 6166. 68116. 8111161161 6667 n 6 16.
1111666616 6615. 61161161 n 6 16.
· 66111111 5676. 6616611616688.·61175.
Carcasone 8811, “ 661. 161. 11, 1668, 11, 16. 6686. 611116.
6666 Aug. 66666616665. 666. n 6 n 6 n 17.
Foro August. 6666. Atto 6611666616661116111116111111111161-
6666166 656 (t). 656(1). 157. 6611111116711166611116,1116611116,661.
1661666161 6157. 6566. 6666. 5667. 11. p. 28· D·
1661166661 656 (t). 65611). 617.
6111116616 6665. 6766.
6611116 6673. 6. smnus.
61661611 5666. 5667. 66611111 populusque 1166116111 6. 6. 66.
7616161111 5176. 7167. 66. 566. 715. 768. 756. 766. 766.
7616616 6551. 866. 616. 166611666668. 6861.
6166666665656. 6761. 6866. 6666. 6666. tent. 5666. 6667. 5667.
5666. 16111166 6661111 6616161 666.
66111116, 1611116116 6866. 16611116 6111. 5666.
1161116611 65. 6666. 1. 1661161666 68. 6171.
061116 7611. 6666. 61661661116161111 866. 6666.
1166116 365516. 61116 6661161116 716.

 

