11. 11111111111111 11111111. . 111Ι

111111111111111111. 111 111111118111 11111 1881. 1880. 8885· 87818788.

1111111 1111111111· 1858. 1111. 1088. 8800. 1818. 5887.

11111 111111 1111111111 1 11111, 111111· 5858. 5878. 8118.

111 1111111 1111111111 8858. 1. 8111. 11. 801.

1111111111 1111111111 1181181811 1. 81118111111. 1817.
7881. 1. Postumiorum 8885.
11 1111811 8881. 1. 81111111 1 81111111 1118 11111111
11 1111111111 111111111111 111111 8808.
1118 8111111111118111. 11 1111181 1. 11118111111 ’1188118111 1778.
111. 8878. ,11111111 ·.·111111111188.
111111111111 1118111111 11811111 Α1111111(111)7818.

8858. 1811111181181 (Aug. 118.) 8887.
811111 = 11181111 887. 1 111111111181 11111111111111 nm.
11111111 8878. 1 111111 (111) 11111111 118. 0881.

1111118815. . 11811.1111.(118.111.)8888.
1111111111 8811. 8888. 5180. 8858. 8858. 1 11111 18111, n.) 8877.
7888. ,111. 118. 8878.
11111811 8188. 8878. 8818. 80181871. 881118 111111111111 8888
5181. 5818. 8087. 8858. Ab 18111111111 (111. 118.) ffl- 5118.
1111111111 11111111 8810. Ab 11111 11811111811111. 111. 118.
1111111 8788. 8817. 1878. 8188. 8111. 8888.
8880. 8881. 8181. 11111111118088.
1. 111111 8111111111 111111 878. 111111111110.
n. 01111111 81111111 August} 1188. 11111111 8885. 7871.
1. 11111111 1181111111 01117111111111 1. 1111111111111111111111 8180 (7).
11 8111111 8111181111 7111111111 111111111111111118588.
11181 5188. 81111111 1111111111 111 1111111 8880.
1. 8111 1118111118881. 111111118111.
1.111111111181111 1818. 118111111118.
8111181111111 8118111111 1111181111 1181111 8871.
11111 811 8858. 81118111 8111111111) 1808.
Patron! 11111111. 111111111111808.
Peculium 8878. 8888. 8111181111181881
811118718. 8718. 811181 8888. 1588. 1888. 8108.
1111 8118. 18875. 1. 1111118115.
81111 1811111. 81818111 8577.
1. 11811111. 111 11181. 111111 1111111 1111111111 1118.
11111 11111111. 11. min. 11111111 8855.
1. 11111111 11 1111111111 8888. 81801111· triennii, Cffl· 11· 2889·
11111 11111111 8880-8888. 8888. Amor ³3⁰8·
11111111 8888. 11111111 8111.
81111 81111111 8081. 11111. 1. 8818. 8880. 8801.
1111111 1111111 8080. 7188. 1. 8111181111 Aug. 11111115171.
7111 8818. 8811. 1871. 1888. 811811111. 1118111111 11111111 8880.
11111118588. 11 1111111181 11. officia 111111111111.
1111118857. 8118111111111. Aug. Ι. 8808. ’
7111811111 1887. 80881777. 5778. 11181111118808- 8888. 8188.
711111 1111111. 1118118111 0111118808.
1. 1181111 88881111. 1111111ιί111 111 1111111111 111111 8780.
Aug. lib. 11111 111111118107. 1111111111 1115. 5881. 5888.
11111111 8111 111111 8885. 8118111118 8881. 1115.
7111111118811. 81111111, 1. 1181111.
8111111111 818. 885. 81181808. 88081

11. 11111111. 11118111.

1. 1111111811 1187. 7817.
Ab 1111111 8808. 8851.

18 1. 01111111 81111111 Aug. 1. 8881.
Δαοιίωιιὲἑιέιθηοα. 11111. 8885· :z 'uxum (11(1111111111)1’..Μ81111111
1111111 .

11811111 88881 11. 811111111. 1811111111 11111111, 1111881801.

,·.ιῂ

81111111 8111111118 Augusto 88811
11. 1111111181111 1111111.
1111111 8588 = 11811111.

 

