m. DII. DEAE. MYTHOLOGICA mm. n

1111. m. 111. 88. 788. 1881. 5010.

8818. 8118.
8. 111. 1888.
8. 1118111818. 8887.

81111111 87. 1318. 1815. 1817. 1818.

8818. 8888.
8. 111111111111 1788.
81811 8888111.
8. 111 (coniugum) 8881.
8. 811 11111111188011.
8. 1111111) 18111111) 8188. 8188.
F. 1111111 1818.
818111, 1. 8111811111.
81111 8808.

81111 811. 81. 1118. ιιι. 111. 1111. Venus.
11. 11111. 111. 11, p. 880. 881. 1080.

1788. 8878. 8871. 8081.
8. 8111111 181811.
811111881. 8187.

81111111. 111111. m· 011. 881. 1788.

8870. 8871. 8081.
811111 1888. 1888. 1888. 8788.
8. 111181 1888.
8. 8111115788.
8111111 1718. 8881111. 8111111.

811181111111111. 11111. 811111. Venus.
11. 111. 11111, ρ. 881. 1778. 8781.
8111111 811. 8111111. 1111111. 81. 788.
1870. 1881. 1118. 1800 (1·- 8188).
1781. 1788. 1780. 1788.· 1788.
1787 sp. 1808. 1881. 8180. 8108.
8888. 1188. 1808. 1888. 8118.
8818. 8118. 8787. 8881. 8810.

7088. 7188.
8. 81111111 8708.
· 8. 1111111111111 8181.
8. 81111111111881. 1888.

8. 11111111 8111 1111. 8111111. 11111.

1118188111 1111 .-.· 1111.
8. 18111111 1787.

8.1811111118.1788.8788. ’

8. 1111111 1788. ·

8. 1111181 178711.

8. 8111111811 1788. x

8. 11111111, 8111111 1111117888.

8. 1111111111 1781.

8. 1111811111 811. 81. ι1.“ 111. 1787.
8188. 8888.

8. 18111111181111111111 1781.

8. 11111111111111111111 1181.

8. publio· 1111. 81. 1111111780.

8. 1181111 1111811111 1111. 8111111.
8111111. 11111.

8. 11811 1111. 11111. 111111 m. 011.
1111. Anne. ιιι. 811. 888. 818. 781.
888. 1788. 178111. 1788. 1781.
1778. 1088. 8880. 8781.

8. 11811 111. 7018.

8. 11811 811111 111111118088.

811811 11111111 71811 1811111111
1111 8811111817.

8. 1111111780.

8. 1111111111 8. 177. 1788.·

8. August· 1111111111 1788.

811118. 111. 18.

8. 111111 1788. 1888. 8788. 8788.

8. 7111118111 1780.

8. ’11111111 1780.

8. 8111111181 (8111111181 1111-
-11111111 8701.

8. 111111 178711.

8. 1111111 1111. 81. m. 111.

811111118788.

8111111111 8118.

8. 811111 81111. 8787.

8. 111111111788. 1718.

8. 111111111 1787 = 8081.

8. 11111111111111111178811. ·

8111111 1888. 88881.
8111111111, 1. 81111.
811 1111 8180.

8. Aus- 177.· 11118111. 1111. 11811, ιιι. ιιιιιι. m. ιυι.
1888. 8188. 8188. 8187. 8788. 8111111,1.111111111.

8888. 8088. 8181. 7188.
8. 111. 111. 1711.
8. 11111111 1718.·
F· bom 1⁷⁴3·
8. 11111 8111111111 1711.
81111. dominae rogum 8787.
8. 1111181 1788.
8. 1111111111111718. 1708. 8788.
8. 811111 8.
8. 811 8780.
8. 1111111111 1718.’
8. 11111 1787 111.
8. 8111111788.
81111 8. 1711 up.
8. 1111111718.
8. 1111111111 8.
8. 1111111 8188111.
8. 1111111111. 171011.

8181111111. 1888,

Ganymede· 1811.

81118111. 1. 1111111111.

Gonnus 881. 8881888111. 1880. 1808

(= 81881. 878811. 1880. 1888.
8811. 7081.

G. 1111111111 8888.

G. 1111111111 8771.

G. 111111111788. 1877.

G. 1111111 1118 sp.

G. 1111111 88831788.

81111 8111111 8111111111

G. 111111111781.

G. Portunum 18. 1718.

G. 11111 1780111.

G. 1111111181111 8188.

G. Am. 111. 111. 171811.

G. 1111111 1881. 1188. 178011.

 

