roo 111. 111 1181111111.

,881. 1. 1111111111 818. ” 1111. 818.
881. 1. 8811811118 1118181 88581.

’ ’ 881.11.811111111 8857.

. 11. 811181.11181881181885.5888. 81181. m.
881. 111. 811181. 5818. 8588. 8857. 81181. 8588. 8857.
881. 1111. 811181. 8888. 5888111. 8857. 81181. 8888. 5888 (1).
881. V. 811181. 5888.
, 1881181. 1111118851. 81181. 8851,
881. vn. 8811. 8575. 81181. 8575.
881. (1111111181. 185. 81181. 185.

8811111811111111· ⁶⁵²⁰· 8 ffirffifflo.

881. 1. 1111181111 usitatiorum 5881. 81111. 5881.
881811 1188881111 8888. 81181. 8888.
881. 1. 1181181. 877. 878. 81118811111877.

« · 88111181181118887. 1111. 8887.
. coh. 1. Hispanorum 8887. 5887. 58888 81181. 5888.

5888. 5855. 88111118 8887.
11111811. 81111888. 1111. 888.
1. 1111811. 818 1188118 5888.
1. 111111 1111811. 1111. 181111118788. 1111. 8788.
1. Flnrlr 11188. Φ oo. 1111. 8711.
. l. Flrrln 81811 11118. 1111. c· 11. 5888.
881. 11. 11118. 5887. 5888. 5888. 8888. 81181. 8888.
11. 11118. 11. 8. 11. 8788. 1111.. 8788.
881. V. 11118. 5818.
881. 1. 1111181 81111188111811111118- 1111. 8788.
rum 8788; 8881118111181181111.
8811111118111115858.585158585818. 1111881 5858.
881. 111. 1181881. 8807. 81881. 8887.
881. 1. 18818111 5888.
881. 1. ursorum (1) 8888. 81181. 8888.

’ 881. 1. Lingonum 88111118 875. 81181. 875.

8111. 11818111811881. 1111, 111· 17⁰⁷·
81181. 8881.

11. 111881. 8811188811. 81181. 8888.
881. 111. 111881. 5888.
881. 1111111181. 5880. 81111. 5888.
881. 1. Lunensium 5888.
881. 11. Lunensium 8857.
881. V· Luolonr. 81 81818881 5887; of.
8111. V. Collur'nor. 811.
881. Lusitanorum 888. 81881. 888.
881. 1. 11181181. 5887. 5888. 5888. 81181. 5888.
88571.
1. Aug. 11181181. 5888. 8518.
1. 1111111181. 8118111818857.
111. 111118181111 88578.
881. 11111. 818... 588. 1111. 588.
881. (ss Maurorum 8881-
811. 1. 118118181111 5855.
881. 1. Montanorum 8888. 5888. 5888. ornet. 8888. 51811. 1711.
8711. 88571.
1111 (8181 118111181. 5888.
881. 1. Morinorum 5888.
881. 1. Norrlorurn 5888.·
881. 11. Nerviorum 5855.
881. 111188111111111 1111. 5855.
coh. 11181111811115858. 5885.
eon· 1. Noricorum 5888. 5888.

 

