116 vn. 116116116116111161111 ’

6616166666 ’15656616 6661.

sueonum· 6616666661 6166.

Eurum—r 6611 61 6166611 6161166111661 1111161111116161111111611111.

111 6567.
1656161616 6111111. 6611. 6611.
16 11611661 661.

Au uolumina 116661611666, 11666 16616616

661166161116 61661166666 6566.

’11156666 666616116661 1166.

reliquorum 1666611 666166 616661· 16. 61 1161611116 1182·

11661116616166111 1616111166 5566.

(61. officio 6161116 minora.)
61666561 1111116 5567.
66165666 1616. 161661616517.
1616166666 66 1666616111 6666.
16661611616611161616 6656.
1666161616 6611161661
6656. 6616.

, 1666166 6166116661 61661616171.

1 u. 61166161.

61 notorius 661616116661 6156.
16. 16 66116161666666161166.

11611 66661611) 6166.

1661 666111 66.

71666166 611616616 1656161666 6661 61.

66661. 6111116116.

7166 {fugarum 61 qudragesimae 161611

7166 6661616,6.661616666 unorum 6651.

,6 ,mmmmm „mm 16 dommum 7161611111 66666161166166111166 66666116

1616. (1.. 6661661616161 16 661·

161 66511616 66166666 6616.

munuum 616616166166616666.1166. 71666166, 6. 6616166661111661666611166.

6616661661 16 1166661661 1616666

51161.

..α-*ι-

611116 6666166 66661166616161616166, 4· mm mum mm„ nrm,

6166666 6116661666 1611666566 661116

6661166 61 Ρ. 11. 6165.
16166616661666 61616 6171.
11156161 61 66661566 6666.
1 11561116 161. 6617.
1661616 1511116166 16 11151 5566.

1661116 661166, 6161111616 6. 166611 661·

16616166 61 6616161111 61111111616.
urguetur 6 66661561 6516.
6 11561111 6516.
6 6166111 6656.
1166611666 5566.
6666661661 5666611611616 6616.

15 666161116. 161166. 5666611. 6656.
16666666 6766. 6166. 5666.

(1611616166 6116611 651. 61 66111116
665116 661 6566.

111661 66616116 6661·

11111 6166611 61 1616616166. 6611666·
16616611.

66 161116 1 11116 7666661616 6616.

65 1666116 6661.

66116611166166. 7616161666 6167.

66666111661. 6656. 6661. 6561.

6 611166... 6655.

fi hereditatium 6661. 5166. 6611661 6666.
11161666616166161116661111116616666- 6111666 1.. 1161616 66116 661166, 66-

66116 5676.

66666, 161116 6661661616 6166 6167.

11111666 66 6116616111 iuniorum 6 6116 16616666 1616166 1666. 6156. 6166.

[16611166 16 16616666116666661-

uum 71666.
Nomius 1166.
, 16 6666161666 6661111116.
666616116666 6156.
011161 nug. 6176.
711516 Romae 6166.
6661616611116661 1115661116 6656.
1 6616166616 (1) 1666. 66. 6517.

711616611666611116666166161116161111161.
Ρ6166666161 666661 6161166166 1161166166

1166166166 61666. 616. 6655.
runcum 6165611 6661116161 6657.
1651166666 6676.

1166166 6676.

0616666161661116. 1166166 61. 61.

1 1611661561 1677.

6111661116 66. 5516. 5511 (1). 6556.
516 111516 1166166 61 1111666 6761.
6661616111 remunerationum 1660.

66111666116 6. 6666616116.

61611.ί 6161. 6166. 6616. 6666.
1656. 6565.
11666611 111.

16666161 6166.
1616161 66 666661 6516.

66 616161 6161166166 Lugudunensis

6116561666616 1666166 6161.

1 1111661561 66. 6666.

611616611 6666666 6566.

6166616666 1616611 6561161 6161.
6111111661 16116611 ornamentorum

616666616111166. 6 616666156616 6117.

1656161161661 6666. 6666.

11561. 6166166116 Promotou 666666-
616 5676.

1656161. 6661661616 1611666111 6567.

1656161. 1166616116 561661116661 6616.

16666161 mouetur 6666.
umus 16 16561 6161.

 

