v. 5555555155 551555555551551151515. 51

61515515 6155611. (1. 5. 61151 151155 65511
65555515 1., 5515 5511 55551551
115555116555555151 1. 1151151115 6155·
15 55515551) 676.

65155515556551555

6555551551 655555 ΤΙ. 65515515 1.
6151 655. 5. 657.

6. 151155 ΤΙ. 1. 6555511 555516151
5555. 615115 611.

6. 655515 71. 1655. 555. 55555155.
15555. 555. 15115511. (5. 761) 655.

6. 65515571. 655. 1. 6111 655. 5. 6151

15111 5555. 55555. 551. 1555555155ῑῖ

656.

555551151555655551. 555. 1115556

(5511 5771)]166. 6615. 6661.
’ 55555. 555. ΙΙ. 115511 666.

6. ’11. 65515515 655. 111. 6151655.
555. 6151 15111555555. 655155 555.
11. 15555 5666.

6. 615155 6671. 1116. 5666. 5667.
6566. 6766. 6666.

6555551555 6566. 5677.

15155151 51511151. 651. m. 051. 6115.

66. 65 honoribus 151555115366.

6551551515 6555155151 6551115155

655155155 6676.

A. 61. 1. 6555155151 5666.

6. 65551151516666.

6. 6555155151 61551511 676 5.

6. 61. 6551555511.) 6151 655. 555111,
5555 6555515515161515511, 515155 6.
61555515 655. 6555155151551551515
656; 516666.

mro Germanici 1.

11555 1511516555555151 1. (71. 655. 5.
6111) 655. 5555. 655555 611.

11555 655155 6555555151 1. 6176.

11. 655515171. 175. 6675. 6676.

11555 615155 6555555151 1. ’11. 6555111

5. 6151 655. 5555. 1155555 6555111·

115. 15651116555515115 666. 6666.
1155555 6555515111 661.
655555 6555115111, ’55555155 665.
655555 Augustalis, 5565115 6555111-
111, 151511171115111, 155155 6551115,
65115111, 55155155 6666.
155151 51511551 55555511 6116.
6555115155 65611 6113. ’
Drusus 6555155151).
655555 1511516555155151 1. (Τ1.655.
5. 61511655. 5555.65555551555 611.
655555 615155 6555515151 65511511 1.
’11. 655. 5. 6151655. 5555. 55151511.
5561. 55651116555115111 667.
55511155 5666.
655555 655555 6676.
lepida 655111 6551555151 6111 666.

71. 651555 6551555151 65115511 s· 666.

’11. 655555 6676 (t).

111115 65511111 6155555151 s. 676.

6151 65511115 671.

6. 6. 6551555151 655515116761).

6. 6. 55555 (6. 65555515) 6555111655-
5155151 5666.

15115 6151115 6551555151 65555511 s.
1111115 6555115151 6155115151.) 677.
75115 6551555151 65555515 6115 676.

6511511155
6. ’655555 766.

6. 655155 6555555151 65515515 1. 666.

6. 655555 6555551555 1151. 6555. 51.
655.

6. 655555 6555551551 1155. 6665.

6. 655151 655. 666 .··.· 6666. 761.

6. 6. 655.,65551551555 1756. 3665.

655155 65551155 6555151551 1666.

6. 655115 6555551511. 71. 655. 5.
6151655. 5555. 6555551555 555·
11155 q· 5666.

6. 6. 655. 65555515. 1155. 5. 55. 15.
5. 555 (5. 766 = 67) 766.

5. ι. 15. 551. 555 (5. 766 = 67) 5667.

6. 6. 6555551551655511515165515511
1. 515555. 6111655. 5555. Q!
15111 5115. 655.-551. 5515. 551. 11.
1555. 1515. 551. 11. 515111. 1555 (5.
761.-.- 66 5. 6.) 5611.

6. 6. 6111 655511151555-5-51 65551151
551. 111. 15111. 551. 1111. 5. 5. 551.
(5. 761 = 16 5. 6.) 761.

6. 6. 655. 6555551555111551. (1.
766 = 16 5. 6.) 6115. 1151. 651151.

61515 56 5551 55151155 766.

1151511111. 6555. 51. 655. - 6515515
5515515 15111111 65. 155151161515·
1151 666. 6666.

6555551555 5555515 51 11 1555115155

Τ1. 61556151 655555 6551151515 “

51. 615561516555165551551511. 11555
6555551555 611.

’11. 615511556555161551151511 11555
6555551551 55555, 5515115 6555115·
115, 1561115 111151. 55116666.

’11.6155115111555 6555551551 716.

’11. 61151155 6555551551 1151. 6155.
15. 655.

T!- 61156155 615115 1165. 6666.

11. 6155615165551 1. 615515 6555·
1155 5667.

61. 61556155 615155 65555155 666.
6666. 6651. 6616. 6666.

Ti. 61551155 651155 65551155 5. 55576.

Ti. 61. 655155 655. 6555151151 1677.
6116. 6616. 6666.

55115155. 5151. 5111. 1511. 551. n.
55.

 

