110 vlu. RES mommo.

00010010 0707.

, ooo. 00 vro. 0000. reor. fssssfflffssffssuffissa

0001110οί00 100.

00010010 0000.
000. vll 010. 0070 (1). 0000. 0000. 00000100 0070 (r).
0100000100 0000.

’ 000. 711700. 0000 00. 00010010 000000.

0. coherere 0001110000.

000. 1 oe 7007. 00010010 7007.
000. 1110700.
000. 0711 1050.
000. 1. 0101000. 0007. 5000. 5000. 00070.
000. 1 etl (010) 0101000. 0000.
000. 110101000. 0007.
0010. 1110101000. 0700. . 0000010 00011000 0700.
1110101000. 0001110010ουιο equ}
1010 0707.
000. 111. 011.. . 5000. 00001. 5000.
000. 1. 00000000 0700. 00001. 0700.
coo. 1. 00011000ου0 1007. 0050. 00001. 1007.
0010. 111. 011111. 000100οο000 5010.
00101. 0000000000 Biturigum 5010.
000. 1. 000110οο0. 00100000 100.
coh. 00100000 0000. 00010010 0000.
000. 1. 00100000 0010. 10100000 0510.

000. 11. Asturum 000. 0001. 07000000. 00001. 000. 0001. 0700. .

000. 111. 00100. eq. 0. 100011.0 00001. 0010·

0011· V· *mmm 154‘ ²²⁰· mtrem*

1000101100 0070.
000111001οι 100. <

000. .. 00100000 00011010 0070. 1

000. 1. errorum 0100110000ουιο 0007.
000. 11. 00100οι0 0100110000ουιο 5000.

000. 000. 1· 003·ὑ 00001. 000.·

000. 1. 0001000000 0000. 00001. 0000. 0070.
(000100100000) 5000. 0005. 0070.

coh. 1. 0010000001700. 0000. 0055. 00001. 1700. 0000.

000. 010010. 0750. 000000011000700.

001011. 010010 Borrorum 0057. .

000. 11. Biturigum 0705. 00001. 0755.

000. 1. Br. 0. 0070. ·

000. 11. 0000000000010000000 101000. ·
000111.00000000000100000000055.5000. 00001. 0055. 0505.
000. V. 1100000000. 50175 0050. 00001. 0017εο000

000. 1. Breucorum 100. 0070 (r). 00001. 100.

Breucorum 00011. 0. 11. 0051. 00001. 0001.
000. 11. Breucorum 0510. 0700. 00001. 0700.
000111. Breuoor. 0007. 00001. 0007.
000. V. 11000000. 0000. 0107. 00001. 0107.
000. 71.Βο00000.0000. 00001. 0000.
000111. Breucorum 5000.

vu. Breuoor. 0101οι0 1100000. 00001. 0700.
00011010 0700.

 

