vii. RES PVBLICA notititoitvii. 117

Pron. 1666611611 6418. 6585. 11116161 11 6116111116 61111111 61111-
Ρ111.111111616111111 6644. 1111166 intuo. Antonino ct 7616
6161. “utendorum 1160110661 6581. 1611. 0588
116111. 1161600661161 1611 161111111 1611616116161611616116111116111116111
Podntn 6656. (111) 061116 166111611616 6467.
Proc. 1116 011111111 11 6111111116 8570. 16161161 1161611 16 quinquo 66161111
Proc. 11161611 6646. 6468.
1116101111616616. 16 16161161 61661111 16111611 11161
Cf. 611616 gordonio. 16116611611161161161611 011611-
66011166. nunciorum 1866. 1661116161. Pio 6466.
81611166. 1161611161 6584. 16661 161611611611161161661618867.
16616611 6111111 61117166·
1661611 11161611 6461.
1111616116 611661666611 111161111111 61111111161116686.

161611166116048. (iudicor 1161111616111, 6111116111 161.
16166111611161116111164. 6. 111 1610061611 1161111 111
16166166318ἒ6 111111 1111111116611 1111611111.)

16611 1111111161 cognitionum 1066.

1077. 6185. 6101. 5561. 6587. 111 11111 1161161, 6. 6611111111616111.
16611 1161116111 cognitionum 161161 Adsedit 61111111111661 11611611 0616161

1111611160. 6066·

16611 cognitionum 111111111 8656.Δ61611111166161661111661 16 11867
1661111116611166111111661661111111 61. 118646

6161. 1616111616161 6668.

11111166116111161611616610.011116616116 111 1661116 11116 nro·
Vico 1111116611111186. 1066. titt. 1186. motui 4184.

8166. 6160. 6688. 6078. 6478. 01611661611111111111166116611661116·

6476. 6460. 116661111611661 6581.
(61ω111111111110161,116111161111111-11161 66 (6666611161) 6168.

611.) 11111161 111. 6111111616 66501111111611
6161611166111616.11 11611. L. 6111116111 166 1161116161611616111111111116-
811111 6611161111 iiug. 6584. 11111116 quom 1111111111 1161116111).

iudicor: 111111116111111611 6664.

00000 00 iffi 000000 ³⁸⁷⁷ ffineiot'ilrhc'onacto?⁶ o 1111161 16 111161

61 V 61161111 85. „mmm
617 61161111 8180. 6156. 6764. 1116111161 6180. 6680. 6647.
6865. 616166111618648. 6616.

11 V dcc. 11111161 6170. 6806. 0001101000 ΔΙ18 0000· 0100·
6000. 6166. 111 consistorio principum 8658.

-ῂ

11 V 611. 1611111111161 76. 10)οῗὲξῧῖθῖῃξυξθὲὅῦωέιὲὂῃέἒξω Μ’
11ξέ3021·θῖιὶ {223² ³⁹⁰⁵· , 0111111161 1161 Aquitanico· xi 116116-
161 6686

06161181110111110130001111 6608 W ‘mmm mmmm ⁰⁵⁰2 υ

16116161(οι11111111161111116111111)6755. nucemfifmm 10³1 ³357 13111,
1111616166 61161111 16616616 3155. ³5³³

0700· 11 1166111111 5064.
01000000· 1010000001000000·066166116111111161116611161161611111111
3788. 1619. ttdt. 5017. 58870661. 3342
11 7 61161111 616. 111 66660616111111661 01011 [domoc 1601.
11116161 11 7 66161111 8546.1108.6616111161116660. ·
6666. An 1111116111 Aug. toti. 8688. titt.
16161161 16161 11111111 111 11611. 6161. 6615.
Aug. 6156. i.. dclii 611111118156.
11111161 16 6116111116 into. Antonino T. 6111. 0111 Aug. 1. 6607111.
1111716 6706. 111 1111116111 6111111 1787. 8167.
1111116161161111111111111611116111611 16 1111116111 6111111 8067.
0116 Pio 167. 16 1111116111611161116161161616 6607.

 

