11 11. 1111111111.

Ρ. 1 1111110116.
Ρ. 111 1111111101111111111 0170. 6105.
Ρ. 1111111111 1 11111111 (11. mu
, 11111.) 6107.

Rev. 11111111 1 111111110111.111.

P. 1111111111 0656.
Ρ. 111111 11111111 Aemilianus 11111-
· 1111110100.
Ρ. 1111111111 1111111111 1516.
Ρ. 11111111 uolo. 0650. 0656.

2 P. 1111111111111 1111111111 0656.
Ρ. 1111111111111111111111. l. 0110.
P. 6111111111111 epulonum 0650.
Ρ. 611111111111 6100.
Ρ. 61111111 111. 11111116105.
Ρ. 61111111 1111111 6111111111 1111-

11111111 6106.
Ρ. 1111111111 6111111111111111110100.
P. 11 1111111111 1111111111 1111111-
11111 1111111 6100.

Ρ1111111111111111111111100070. 0071.
Ρ. 61111111110656.

11011111 6500. 111111111111110150.
0111111111 11111111 0156.
0111414101 11111111 111111111 5010.

111111111111111111111111111111110156.
611111 11111111 11111111 010611.
6. 11111111111101111111 0167.

6111111111111 collegium 1. 111 111111

11011111 11111111111, 1110111111·

111 1. 1. 1. 1111111111 111111111 11

1111111111111.111. ludorum 11111

11111111161111111. 1. 1. 1. 1., eollo·
11111 eorum 160011.
Collegium 1111111111 11111111111111·
munorum, 1111. 1. 1.1. 0116.
1111116111111111111 111111. 0150.
V. 611111111 Augustulum 6101.
1111111111 1111111111 11111111 (Au-
11111) 11111111111111 11111111111·
, 111111 111111111 111111110156.
1110111111 0155.“

1. 6111111111111111111111.

1111111
1611111111 1
61111111 6110.
61111111 1
1111111 6111111. 1111. 0110·
11111111
Ρ111111111111111 om.
Ρ111111111111111 1111111111 1111·
11111106. 07. 0110. 6166.
1111111 11 11111 1111111111 0160.
711111 11 1111111111
61111111, 11111 111111111111 1111
01111111 1115560.

1111111111 1111111 11 01111111 0171
6111Ιε111318ω.
611111111111 1111111111 611111111
1111111153) ⁶⁹·
61111111111111 111111111111 611111-
1111161. 165.

6111111111 111111111 11111111 111111- ¹

1111 0111111 5067.
61111111 1111111 1111111111 11 11111,
1111 111 11 1111111111 160, 1.

6. 11. 11 Α. 11 11111 11 1111111111 -

1111111 1111111111 1016.

6. 1111 Aug. 1111111101111.111-
111 11 11111111 5066. ,-

6. 11 1111111111 1111111 11111· lll
1111. Gull. 5005.

6. 11111111. 1111111 11111. 11111-
11111. 111111 1111111111 5066.

6. 11 11111 61111111 111111 1111
1111111116. 11. Α. 11111 1111111·
111 1111111 1161111111 5066.

6. 11 11111 61111111 111111 6061.
61111111 111111111111111111111 0600.
1111111 1111111111 1111111111 0516.
1111111 11111111111111111 1111111111-

rum 0011.

1111111111 111111 11111111 1111. (Nur- ς

51111111) 6006.
mommo« 1
1111111 1111111111 1111111111 1111111111
(Ρ. 11. 6) 157. 0165. 6015. 7150.
1. 1111111 11 1111111 1111111111
11111111111111111111 155. 0010.
F. 1111111111 p. 11. o. 6167.

Ρ. 1111111111 111. 1. 11. 1. 6766. ,

P. 1111111111 11 Augustorum 1. 11.
ulfiam} 1. 1. 1111111.
11161381111111111111111011 1. 11. 1.

11111101111111111. 1111111111 1111-
11111 5005.

11111101111111111111 11111111 (0
1101111111) 6766.

61111111 1111111 111111111111111
11111111 0167.

61111111111111111 0111111 0165.

Doulou :

611111111011111111111111 0171 (111-
111111111111111111 oum 1111111111
11111 commemorato: 1111 11 vorum
111, tolosum 11111111111 11111111

unffi 1111 111. 1111. 1111. 1111.

6111111 .·

11111111 11111111111111 111 comme·
11111111 1111, quorum 111111111
6111 0111111111 1111111111111111
11111111 6671.

 

