·166

611111 11 6111111111 9919.

cyna 3199

(1111111111) 91111111 5199. 5191.
11. 1111111111 91111111 6199.

Macednum 999. 3111. 6196.

9191111111 3179. 3196. 3665.

1155581 1111111 1111. 1111.
5979 9161.

³ 91111111 3177. 5131. 9191. 6596.
11111111111111..11111111 119111
1111. 6159.
1111111111 .. 5159.

Q. 111 11111111 (1111111111111111
appellatione 11111111 1111111111·
111111111111111111) 5369.

1111111111 11111111 3113.
1111111 773. 9399. 6199. 6956.

1111111. (111. 3113. 6769.

91111111 151.

19 111 1111111111 1111111111 111 1111-
1111 1191111111 11511111, 11111
uera 111 praetoribus 1111111111 11·
1161111, 113375.

v11. 111 1111111 1111111111. ¹

3919. 3915. 3199. 3199. 31113199.
3135. 3171. 3393. 3569. 3659. 3799..
3965. 3933. 1919. 1959. 5135. 5119.
5176. 5179. 5591. 6666. 6011. 6619.
6993. 6916. 9919. 615961531151.
61561. 9169. 6193. 6197. 6199.
9591. 6719. 7996.

Χ111 1111111111 1111111111116199.
11111 1111115111 1111111111 11 S. C.
111119. G. litibus 1111111111 6161.
119111 (111 3111) 19111511 1111111111
71991.

9111111111 11111111111111111 773.
119911. 9919· 9971. 9369. 9799.
3911. 3196. 3713. 5196. 5119. 5159.
5599. 5991. 6151. 9185. 6195. 9599.

9111111 ([1111111111111 11111 Unum
1111111111) 6159. 6159.

9111111111 cun. 6111. 6163.

ω

9119111111 111111111 11 S. G. 9159.

Quaestor 1111111111111 75311. Cantor 1111111 59.
911111111111111111. 61111 61561. (1111111 1111 1111111111 599.
91111111 1111111111111111999. 9919. 11111111 1111111 11111 Urbem 11111111

3171.

11 S. C· 11 quinquennium 6159.

91111111111111111111111111111911- 1111111 cuntot οι s. c, 6193.

1111111111.
Quaestor 3199. 6175.

1111111111 11111 1111111111 1191111111

6161.

Q· 19119 ΒΙῪΙΤ910993115593· 7111111111 11111 111111111 111111 1111-

“ Q. 11111 1111111111 1199.
Quaesitor 576.
Q. iudex 3199.

111111, 1111 1111511111 6165.

9111111111 ugus 111111 111119111111

1111111111 3139.

111191 9919199999] 59²2· ·· qut* ’1111111111 1111111111 111111111111111-

1111111 6159.
1. 1111191111 11111111111111113997.
1. 1111111111 569-

1-11111111111111111111389611 emundatus 1111111111 iu 1111111

7111111111111 (xxvluru 3375. 6619.

6157. 111111. 1111111111111111 111-
111 11 111111111111111111191111-

Vivum} 397911). 3971.
9111111111 1111111111 9761.

1111111611 6591.
9111 ’1111111 399.
(11. ι1301113111, 1119111, 1111111111·

11.1111111111111911111111111111111111111

Praefecti.

Τ111111111111111111 1111 urgento 1111 Praefecti 111111111 (11. 11.) 931. 935.

91111111111119919. 9379. 3131.
5993, 5159. 5177. 9997. 9199. 6991.

1111111111. 913911. 6593. 6519.

“ 1111111. 1. 1. 1. 1. 569. 793. 756.
9973. 3153. 3111. 3659. 5117. 5153.
5999. 6956. 6951. 6659. 6169. 6569.

6919. 6915.

’11111111 111111111 79. 999. 3919.
3151. 3159. 3193. 5999. 5368. 6919.

6156. 6161. 6911.

91111111111111511111111111133111.
551· 599. 693. 773. 699 1179. 9759.

1119. 3199. 3157. 3153. 3159. 3191.
3399. 3113. 3199. 3111. 3196. 3199.
1391. 1969. 5519. 5531. 55835993.
5699. 6171. 9179. 6519. 9759. 6993.
Pr. 11. lterum 1168. 3199.
ur, 11. 11111. 5177.
1111. 3191.
1111. 9111. 9111111111111111 Aug.
1111191. 111. 11111111111111.
91114111.. 111. 6111111111111.
357 0

 

