x, 111111111111,1111111,1111111. · m

1111111111 1111111 1033.
111111111 1113111111 3510.
111111 1111111 (1111111111) 7357.

01111111 11111111111111 111 0111117103.
11111111111111111111111111111111117101.
1111111111 111111111111 gerulorum 111·
unffi mesu 1111111 7131.
(ewam 1111.) 11111111111011111

111111111111111 111111111111111111111-
11111 11 111111111111111111111111
emmaum foederatorum 3130 =

1111. 11111111 1111111111113510.

111 1111111111111 0111117131.

111 11 11111 11111 mementorum
11111. 1. 1.) 1111111 1517 = 1135.

1111111111 111111111 11111111111 111-
111 11111111 1111111111111 11 1111-
111111 117.

11111111 1111111111 111 1111111111-
11111111 11111111 1115.

1111111111 11111111111111111111 Hygino
1111111 1117.
ἀειὲάζὲξέοωω 31111111111111 1333

1111. 1111. 1111. 1055.

11 (1111. 1111111111 11111. 1. 1111111111
cufim] 3111111 11111111 1101. ¹
collegi! 3111111 3111111117.
11111111111111111111111111111111111101.

1111111111 (1111. 1111111111 111111111-

1111 Rom.) 1113.
1111111 111111111 11111111 1111111111
11111.1. p. 1111111 1135.
1111111111 1111111 7371.

111111111 11111111 3111111 1111111111 (111-

111111111) 1111111 1511.

1111111 1131111111 111111111111111111-

111111 1111111 11111111, 111.Ι

1111111111 1111111111, 11111111 011-

11111 3010.
(1111111111 3103.

1131111111111111111111) 1111111

1111111. 1111111111. aus.

collegi! paganorum 1111011111
1111111 1010.

11111111 3111111 01111113035.

111 11111111 111111111111111111111·
111111117103.

1111 1111111111 11111111 1111111111
1111111 1013.

1111111111 (1111. 11111 11111111)
11011111 1037.

1111111111 11111111 11111 1115.

muggam 1111. 1111111 1111111111

1111111111 11 q. 111111. 1111, 11111.
111111. 1111111111 1153.

11111111 11111111 11111111 1111111111 “

011111 11 11111111 mg. 11 111111
1111111111 11 1111111 1111 111111
11110111 11111111 3033.

1111111111 11 11111111, 111111111111111
1111111 1131.

mg. 1111111111 11111111 111111111111
1111111111 1111111 3313.

mg. 11111. 111111. 1111111. 11111.
1111111 11111111 1553.
1111. 11111111111111 111111 mlx

muham· 1111111111111 0111111111

111111 XVI! 0111111131.
111111 XXI 1111. 7100.
1111. XXI! 1111. 310.
111111 mn! 1111. 1530.
111111111 3111111 1031.
1111ἰ mmmm 1111111111 111111

11111111 111111111111 1111111 7131.

111111 111111111111111111 11 1111111111·

1111 1117.
1111. 1111. 1111. 1155.
1111. 111111 111111 1111111 1333.
1111111111 1111111111 1111111111 1351.

m, ποι.. mg 01, ιη, maon„ 1111111 1111111111 1111111111 11111111

11111111 3011.

11111111 11111111 1111111111 1117.
Lunae 3111.

111111111111111111111111111111310.

01111111έὸ111111111 11111111111111 Brimo

31111111 373311) 0111 1111111111111111111111111111111

01111111111111 1111111 1011.
11111111 11111111111111111. 1010.

1111111111 1111111111 1111111111011. 1111111111111111111111111111111111· .

111111 11111 1111111, 111111 113.
C. 11111 11111 noma 1115.

‘⁰¹35‘ae dampnatorum 11111111 1111111111 111111111111110111111111

011111 7111.
11111111 1111111 0111111111 5135.

1111111111111 1111111111111111 1111·
1111111111 111111111111 0111111111

11111111 11111 1111111111 1111111111 1051.

1111111111 31111111 1137.
1111111 11111 1111111111111111037.

(1111111. 1111111111. latin. Vol. 111.

1111111111 (111111111111) ,11111111

 

