uos 88818811181188.

s coh. 1. 118111811111111.1.1. 5155.

1811. 5151.

coo. xv. 81. 8881. 8181.
xv. vu. 1. 1. 1888. fad-333⁶

ouh. Xxffll. 881. 8. R. 1171. 888188181171.
881. XXVI. 881. 3111. . 1811831111.
881. XXX. 881. 111.

oo. xxxu. 18. 88. 512. 8888. {

1811. 11. 511.
18181. 1751.

1. 1188.

111 881111811181118881111111811155. 88181. 3155.
111 111. 3111 ao. 18181. 1111 ro.
111 11888881 1773.
1111181181181 1718.
111 18188181181 1715.
1111. 181888888811153. 5111. 5111. orror. 1153.
11. 18181888. 5111. 5131.
88181. 1111.

. 111 11188888 1171. 1111. dmm 207⁶.

ala 1. 11188188 1155 .·-· 1711. 888181. 1155 = 1711.
11111. 11188888 5511. 88181. 5511.
111 111. Asturum 3517. 888118113517.
111181. 5175. oraor- 5175.
Aug. 85 8181181888 1118811111 1111. oraor- 1111.
1111. 11111888. 8111. 5113. 88181. 5111.
111 Boo. (1) 3111. 18181. 3111.
111 1811188181 8811. 185. 88181. 115.
1111. 8118118811. mil. 8. R· 3111. 11571.

. 111 Gamoaconum 3531.

enmono. 8. 11. eq. 8111. (1) 3575. 18181. 3575.
1111. 11888881118881 11. 5111. praef. 11.
(111) X. 811118181. 111118811813111.

111 Celerum 1717. 881881811711.
1111. 8181888188118. 5111. 5131. 5113.

1181181118881881888.8118.8888. 'm‘ffi'o'ffi‘ffl‘oe‘

ala 1. cinomanorum. oraor- 1511.
111 1111111815171.
1117. 181. gom. colonorum 1111. 18181. 1111.
111 mll- 88181118118881181888811711. 18181. 1711.
111 1. Daoor. 1118.
1111811 11888. 1111. 8181811111.
111 111888. 5151. orror. 5151.
111 Dardanorum 3571. praet. 3571.
111 1. vespasiana Dardanorum 1157.
111 exploratorum 111881811888 5117. 18181. 5177.
8881. Mart. 188111815173. ouer. 5171.
111 8881 firma 1381. praef. 1333.
111 1111811 818 fideus 8811. 117. 3111.
111 1. 1111811 113.
1. 111. 18881815113.
111 111 Fa. 1881115111.
111188818811815111. 5110. 13571. 18181. 11571.
From. 1188181811811711. 1711.
os· 818 1111888181.
111 Gaetulorum 711. 1881818881711.
11188188181 Gara. 5133.
1111. 11. uretur. 1111111571.

 

