Α Ρ Ρ Ε Ν D 1 X
111 inscriptiones indicam, quae 11111· plane 11111111111111111 11111
(os. Praes- 1· 7411)
1. NOMINA.
4. 111114111111111111111111 4. 111111111111111111111

13111 741414. 1 compendium 1111111111 1111111 1111111
4111 (11 741411. 741111. 7414 οη..

Π. GEOGRAPHICA.
1111111 mois. 1111111111111) 74111. 111111111111 11111 ’1414 y.

-— 11111111 7414111. Noricum 7414 y. ¹
111111 74441. 111111111111111411174141. 1111111411 1114. 7414 4.
1111114111 74141ζ. (41111111111111111 7441111. 111111 74441111
1111111111 747011. 41111111 7444111-11. 1111111111 71144.
111111111111111111111111 111411111111 741411. 7111111 74171.

7440114. 4111111111) 7414111. 7111111111 'li-2⁰0«.
1111111 741411. 1111111111 747411. 4111111111 74141.
111111111 7414111. 11111111 74141. 4111111174141.
11111111 7444111. 1111111111111 1111111 4141 744411.

71111111 529. 74141. 741411. 8111111111 4. 7444111.
1111111111 741411. 1111111111 7444111. 7111111 74144.
141111111111111111741411. 1111141111 741411. numaga 742011. ’
Concordia 74144. 11111111111 7414 y. ’71111111 114.
111111111111141111. 1111111111111111741411. 111111 7414111.

ΠΙ. nn. DEAE. MYTHOLOGICA VARIA. · ⁸

11111111111 7414 α. · 111111 411 741411.
1111111111. 7414114. 11. 111. 74141.
Det 1111 7411111. 1114111111 111. 7414 κ.
nn 4111111 11111111117414114. 74141. M. 1111111 74141.
71111111 742411. 1111111111 7414 μ.
4111111 1111111111111.1111111741411. 1111111111 741411. ’
(11141111 74141. Neptunus 7410111.
luno 1111117411111. 41111 7414 a.

luppiter 1. 1117414γ. 7414114. 41111111 7417 α.

1. 111111741411. 7414 β. S. 41111111111174144.
Lar 11111111 111111 74141. 11111111 1111. 74141.
1111111111 ,ΜΝ 4111111 1. lim.
111111 'J' 41111111 74141.

11111 4111111 1111111 11174141. s. 711111111171141.

. IV. 4118101111.

2 11411. 11411111. 11111 111111. 7111111 1111111 Pompeiis 7417 γ.
411111111111111111.11111111 7444111. 11. 1111111111 1111111111 7444111.
’71111111111111111111111111111741411. ΡΙ. pp. 111111 4111111114. 7444111.

4. sacerdotia. 011111 11111. 1111111111 111. 1117111.) 74401111.
ι. 811114111111411111111111111111111 111111111 111. 711114117414111.
β. (7111111) 1111111 41111411 8111111 Lusium 74144.
1111111411 74141. 7417 a· ,
neu 41111411411111111111111111111174144.
1. 41111111411111111 1111111111 1. 41111711111111711111 ’
7111111 11111111 111111111 7411111. 1. 41111411111111411111- 71144.

4. 4111141111 municipalia 1111111111. 4111

11111 111111 xxm 11 minutiorum 41111111111111111111114111174171.
111. iratribus 7414114. “ “

 

