9901011.

1911 tubilustrium 111. 11, 0. 090

199. 91911. 99 109101010111001100-
0011 9001101 9970.

1911 101010 0011101.

191 101111 9091.

9 01100 1919.

9 910101 0919.

9 11111 9900.

9 111 passim·

V 11111, 11101 00111111.

9 1010 1917.

w 911111011 1999.

9.Α 1111 111010759. 0700. 0999.

9. Α 11111 00011 00111111.

991 9111110 9050.

9111 valetudinarius 9999 111.

9.1.9.9.9.9.11.11.11.9.0.9.1,

1. 9700. 7909111.

V. 'B 111 00001 99101 11. 9919.

99 0011019171.

9 G. V. 9 111 1101010001 0011101.

9 . 90191 5001.

V . 90199 111 1001010111 9709111.

9.9. 11 1010011111 1110111001οΙ 9971.

91191119 01 111 01000 11111 1111 001-
1101 7191.

911, 9.Ε 111 11111101 0011101. 'q

9191. 191111 11111111111101111001 1990.

991. 911111 111001 passim„

9111 9111111 5920. 5991.

91111 111111 00111111.

91111 9110011900.

99119 911111111 9099.

9111 1111100010011101.

9111. 9111 1111111 9111011οἰ 9799.

911111111011019011. 9971. 0791.

9111 1111111110 5959.

9.1 11100 111111 099. 775. 9119.
9090111.

9. 9 11101, 1110 11111 910 111.

91. G v. 9999. 1100.

9 .1 1111111111111 1159. 5171.

91,,9111 9101010990.

911 11111 910.

91 111019099.

911 11111 9999.

9111111001 10119. 9971111.

9191. 11 1111111 1111001 110101οο1001
11019559.

919 111110101101 9171. 0791.

919. 9199911 1111 11110 10011101

9191 111110101101 0791.

919101 111 91911 11000111· 9009.

910 1111101 passim.

911 1111101 0011101.

91119 9110101111099.

911 11111 00111111.

9.,1. 11100 1110111 9900.

9.100 911101 101111 1111191911.

9. L P 101010 mmm 1111001 001111 991Ι

9.1.9.1111100110101110101001011
111111011071 11. 1709. 1799·

9.1.9 101010 1100011011111900111.

9.1.9.901.11101001110101101111
10111101 1719.

9191191 1999.

9. 11 111001 11100000010111 000. ¹

9199, 91991 0011019500. 9911. 0791.

91911 0011111010 9991.

9910 0011010011 1957.

901 90111011 111000 0011101.

901 1010010111 00111111.

9019 9011000110 101. 11, 0. 990.

9011 90111010 1110010011101.

901 9010110 1110010011101.

9011. E . 99111 1011 1010· 1011101

9. 9011 01111111011001 0011101.

9. 9 11101001011,11110010110019719.
9509111.

9.9101010 0010111015

9. P. Α. 9. 9 111 011111111111001 11111

. 111100111110101017.

9. 9. 9 . 9 011 0111111111101111 011100-
111010090.

9. 9 ‚P P. 111911 ,91119 111011111111·
1101010111111 0101101101 11101111·
0111 9111110111 5579.

9.9. P. 9. 19. M. T 1110111110111·
0101 010111101011101111011111111·
11011 1009 5900

9 9 P. P. 19111 01111101010101 0101·
111 0101. 1901010101 5599. 0999.

9.9.9.9.9.9.9991111111011·
1111011001 0111001001 0101100111
910000101 1001110111 509.

9. 9. P. 9 111 011111111111001 0100111
9001000905.

9. 9 ,9. 91 111 011111111111001 00111
0111001 9911,

9. P. 1111. S. 11 1110111111111101111
1011000911011010101110100111100001

9. Q 111101 00111101101 9190. 0159

“ 9995 9901 7119111.

9. 1111101 1101010100.

911 11101101 9115.

9119 01000010011101.

V. S 111 1011100110 1199.

9, S 1010 10111010 1979.

9.9 101010 101111 passim.

9.9.1.1 101001 101111 101100 1101011
9099111.

9.9.11.0 101010101000001110111990.

9.9. E 11101 11011111111990 (10111111
1011. 1111111.

9. 9. 1 101010 101111 110101 1901.

 

