11 11. ’ uns 11111111.

81111188881588. 1881111. 1888. 8858.
811 V. 1818. -
8111111, 111111 ·- 5888.
11111111 8087.
1111111111 1.,1. 1111111111.
8111111, 1. 8111111.

’ 111111, 811 - 8070.

81111111.,811 - 8888.
Volcanus 1111111111) 8. 8111. 1118. 811·

8. 1111111 811. 1888.
81181111. 11111118. 1111111111 1881.

81111111. 8111 - 8071.
1111111111. 1111111 11. 01111. 811.

V. 1111111 1888.·

8111111 111. 11, 1.’818. ,
8111111111 8. 8111. 81111. 111. 811.

1818. 1818. 8085. (8111111111) ¹

8718. 8785.

1111. 11. 8111. 888. 801. 188011. 81111118078.

1881. 1888. 1888. 8158. 8188. 1111,11118081.

8808. 8888. 8088. 5888. 8887. 1111111, 1811111111.

80111. 1011. - 111111111111111. 81811111111111, 1. 811 8111111 11.

8111111 11, 1. 881.
V. 811. 1888.
81111111 8111 V. 8888.
V. 1111111111111111811 1888.

1111111 8888.
81118111 5888.

81111111 8887.
1111. 1. 111111.

IV. RES 88811881.

1. 811111. Sacra. 8111111111 11111.

8111181811). 11118111111 11 ·- 8888.
81111111 8111. 8118. 11 Pr. 11. 111-1

811. 811. 111. 11111.. 8111. 1118. 8111.

81111. 11. 11111; 8111. 11118. Pr.
81111. 811111. 11. 1). 1111.
81111111111 111. 11, 1. 881. 8880.
8181111111111 1111 8888.
811111111111111 811. 1118. 81111. 111. 011.
8111111111 188.
8111111111, 8111111111 8888.
8111111181 8888.
8111 11111111 111. 11, 1. 881 11. 8181.

. 81111111111 811. 1118. 11. 11111.

811111111811.1118. 8111. 8111. 11. 811.
81111111 181111111111111)1118111 8888.
criobolium 1800. 88881 1. 111118111111.
811811 1111118111 8888. - 1118111 8888.

11111111 11111111 111111888. - - 111-

1111 1888.

D. 1111 11. 811111 1758.

1). 11111111 8180. 8181.

8. 11111 11111111 811111118783.

11111111 8118.

81111 111111111111 1181111 8111111-
num 1111111 1888 = 8788.

81811 1111111811 11111111111111111
11111111. 7108.

Nomen 8111111181187

’1181 1111111181 111. 11111811111111111)

11111 811111 8885.
111 81811111 8111. 81111. 811111. 111.
111111. 888.
11111 1111111111 K. Pr. 11. 1111111.
8111081111 1111111111 811. 811111. 111.
11. 8188.

8111 111111... 11. 818. 181111.
81111111 (111118.) 8888.
1111111 1118111 8888. 8888.
8111111111 111111. 1111. 111.11,1. 881.
111111111 11. 8111. 188.
8111111811. 1118. 11. 8181. 11111.
8111111811. 1118. 8111. 1118181.
811111 1111111 11 81111811111.
’8. 11118 118118. 811111 11111111
811. 81111. 11. 11111.
81118 1ο 811 8.(31111188111111
8111111, 188. 11. 811.
8. 811 811 C. 8111118111. 11111. Kal.
1118. 11. 811.

8. 1118 8118111111. 811111 81111· “

11111 11111111111 11111 811. 8111.
81111. 11. 811.

8. 11 111111111111111 1118 1111111111-
1111111, 1118 11 811 8111118111
1. 11111 11 8111111 811. 811111. 111.
8111.

8. 11 88. 1118 11 811 1111. 8111.
11111 1. 81111111 1118 81111111 11-
111, 118.

81188. 1118 11 811 1111. 8111.

811. 111111111111111 1111111111 [11-
811111111111188. 111. 011.

8. 11 SC. quod 1181181118111111
8111111 11111111 11111111 8111111
118. 11. 8111.

8. 11 SC. 111871. 811111 11111111
mu. 1111111118. 81. 11. 1111111.

8. 1188. 1118118111111111 111· ;
11111, 11118111111181. 81111111 1

111. 11811811. 81811111111, 11
{cetam convictu 1111 K 81111. 11.

8. 11110111118111811111111111111 2

 

