⁵8 V.7 611661011111161661016111111111.

611. - 66111111 (11111116. 61611. 11111. 611161111111111. 111. 61.

1661111. 61. 6111. 6665. - 611116·

111666. 1111111. 11166111 611116161

1111161 11111111 K. 61111. 61. 61111. - (16 1. 733 = 61 1. 661. usque 111

16 Ponto 111169611611116 11111111

K. Anm. 61. 661. -111161 1661111

11 6111111111111. Pr. 61. 1111.

6. 0111111111 61. 611. 6. 111. 116111

6116116596.

6111116111 611111 1161111111

0111111161 6830.

6111116111 1. 6. 11111. 111. 81111.

6111115359.

6. 1611111 6.1. Pub. 811111. 611111
Augustus 593.’

1611111111 1111111111.

16111111116111116111 1. 16 1116111 1661
111116116116166616765(6.66111.
abens· 11696); 1661 16 1661 767

1111111111 611111 6111 6661611611 ·

3310. 3319. 6118. 6668. 6635.

66311 111.

Ι. 6. 6111 1. 661. 1111161 11116111665.
111111 11111111 606.

1611111111611111661611611950.6965.
6509. 3666. 3565111. 3699. 6158.
6580. 6767. 6958111.

611111 Augustus 3659. 3976. 6859111.

Augustus 667. 668111.

61161 Augustus 6111. 1161. 116111. 16.
011. 611. 1611. 16. 81111. 61161.
61. 11111. 616. 669. 736. 865. 6667.
6365. 6666. 6670. 3665. 6031.
6066. 6068. 5997. 6676. 6071.
6165. 6166. 6536. 6776. 6966.
61161 Augustus 1111161 3365.

61161 611111 6111 16111 1. Augu·

116137.

616161 August! Caesaris 1635.
Numen 61111111 661. 11. 11. 6689.

76111. 6111111161. 11161. 6111. 6958.

111111. 6111116111 1. Augustus pont.
6111. 111111 11111111 11 [6661111111

’ 16111. 6111. 1111111. 11. 1. 506.

16111. 611111 111. desig. 1111. 111111
1. p. 1. 11111161 (1661 76οπ36 1.
661.) 595.

lmp- 611111 6111 11111 1. 111. 11611111.
111. 611116111- 11111.11111. (1. 765
= 69 1. 661.) 590.

16111. 611111 6111 16111 1. Augustus
16111. 1111. 111. 11111. 1111111111. 1111·
vom (1. 761ε171. 661.) 5366.
6111. 6111116111 1. Augustus 111. 61.
16111. vn. 11166611. 111111111.111(1.
73316 .-. 60719 1. 661.) 597.

6. 611611. Augustus 6111 16111 61.

1. 768.-.6 1. 661.) 609.

111. 61. 1116. 1111111. 9111 (1.73819
.-.· 1615 1. 661.) 5179.

lmp- X. 11166611. 116111111161 (1.
76116 = im 1. 661.) 5166.

11166111 611116161 11111. 611. 111. 61.
1116. 1111. 619 (1. 76615 31019
1. 661.) 36.

11161. 1611. 16111. 6111. 111. 61. 1116.
1111111. XV (1. 765 ε91.661.)
11161. mu· 1116. 1111.69.16111.6111
(1. 765 = 9) 665.

pout· 11111. 1116. 1111. 6911 (1. 76718
= 7]ss 1. 661.) 5011.

1161. 1611. 111. 611. 1116. 1111. 69111
(1. 769251. 661.) 75.

11161. 6111. 111. 611. 1116. 1111. 616.
16111. 61111 (1. 769156 = 516 1.
661.) 51.

11161. 1611616111. 691111 (17691150
35161. 661.) 1668.

11161. 1611. 111. 611. 111. (11111611.
6111. 16111. 61111. 1116. 1111. 66
(1. 751 = 3 1. 661.) 666. ¹
11161. 6111. 1116. 1111. 661. 111. 6111

1116116 11161116161111161 11111 1

11111111 1111111161 (1. 756 = 6 1.
661.) 611. Pr. 16. Febr.

161. 6111. 16111. 61111. 1116111661.
111111 11111111 11161.1611.11.756ε6
1. 661) 668.

111111 11111111 11161. 1111. 11161111. 1

XXV (1. 75556 11. 6.) 666.

11111. mu. 111111 11111111, Augur.
691111. 1., 9111111116116.111.6111,
11611. 691111). 1116. 1111. XXX (1.
7601111718 11. 661.) 661.

11161. 1611. 111. 6111. 1116. 1161.
66611. 111111. 691. 111111 11111111
(1. 76673 = 9110 1). 661.) 606. 1
1). p. 111111. 6111. 1116. 1111. 6661111
(1. 76115 511116. p. 661.) 6181.
11. 11. pont. 6111. 1116. 1111. 6669
(1. 7651631613 11. 661.) 6689.
pont. 6111. 111. 6111. 16111. XX. 1116.
1111. xxxva. 11. 11. (1. 767·..·. 16
11. 661.) 606.

191161 (1. 601) 6111. 61111. 9161116. 61.
Sem.

19111111 Aug.. 6111661616. 61111111
661. 686. 1106. 6068. 5359.

6111161 11111161 1611111111 (1. 706) li.
1161. 16. 011. 6165. 5359.

1111616111 111111 (1111111111) 166111111
11. 711) 5359.

11161. 6111. 1116. 1111. 911. 111. 1111. 1111111616 11616111661 16111 (1. 711)

1611. 1· 11111.ι

5359.

 

