188 VIII. RES MILITARIS.

815155 8888. 8. 1155555 5151115515.

Βιισιίίοῗωοᾜῗιειυιι 8158. Α11111111111111. 1111511155 - 11. 5855,
m, '²8⁸⁰ 143⁰. 1555115515511. 8888.
(77.7 pf, 7,, 778, 1555175555 R. 8881.
8555555155115155 8888. 8111111111 1111111 II· 8888.
85557115. 5. 55 1555711555. , 111111· Μ. 8888. 8888.
8557555155555 8878. 111111· (-·= 1555551 11. 8888.
cs, 7077, ⁰⁶9· 55 55515551515 vetem. 11. 8877.
8557855575, v. 7555751555. ⁰¹ ’1111111111 81- 8878.
7555115155, v. 5511. 517. Mtmm· 11111181· 8585.
8555151151555151155151 11. 8878.

Temerarius, v. 5511. pr. 5555. via· 81515515. 5. clauom 1111.

usurariorum 51851555 7888.
3757, 7777. 81111151, In 1855515 Ins. 8857.

7555555155, 1555555155
7777, Cornicen 157111115155 11. 8878.
771777. , 8555555151118818.
55 1555555515 88857 of. 5511. pr. Ι1118111111111111111 18. 8818.
Tutunus mmmm 555. 555· 555. 515. 81111118 ¹¹¹ 111111 11. 1117·
573, 545, 556.801.ump.2w5. 85118515115155515157.85551.7.88.8885.
5555. 5555. 5555. 5555. 5555. 8118111811θῦ· '
5515. 5555 sp. 555557. 5555. 5555. 1111 11· ⁰⁸⁷⁹·
5555. 5555. 5555. 5551. 5555. 1· 1111111111 11· 1111.
1. (1) 15711515515511. 8888.

1555. 5111· ⁵³⁵2· 5⁸⁶⁸· ⁶⁰¹⁰· 5. dammum 515515.

80831· b· ⁰²2¹· maffia 233} 815115. 5. 55118111· .

8717. 8781. 8888. . .

7777. 7755. 858555115511. 8885. 8881. 8885.
1515. 55115518181778. -558, pu. · .

nsattzz·a·.;w⁰¹··⁰⁸⁸³·

15115. 5511551115 1888.
15155551 5551111155 5878. 5111555155 1571151555 18. 8888.

555, 55155 555. 555. 5555. 5555. 5555. 1. 1111115111 11. 1511.
77, mn, 111 837, 55 Ι. 55575171151515 n. 5588.
11178155 11. 8818.1

trib. 1585151155 5581. 8878.
15111. 1551511511 (1) 3888. 8888. 11151811111111· 3808· 8888. 88888888.

15111. 511Ιὶ1155 15 7551115158) 5888. . Δ

1515. 5511. 1757115 8588. 8887. 8888. 1111111111155 II. 8887.
8888 8818 8885. 8888. 8883, neuneu· 8511111151 11. 8888.
8788. 7885. 70781. 7888. 111151 panim.

1111151855, 5. 5155551.

15. 5511. pro 157115 8817.
111111717ὥὸ 1115757155, 51517155 11. 8818.

tribunorum promotio 755 55111. 517,

urb.. 755. ad 1577. 8787. .
es. 1577.. 5511. pr.. 551.. 517.. 55511, 11 1115171111 R. 8118.
numeros. 8111111 (11. l·; 15515115 con. 1) 8855.
55 1518555 8885. 115517155555 11. 8858.
5755 5155555555 legionum 7555755 011151111111 (11111) 11. 5151.
8788. . 07115 11. 8888. 8815.
75171558, 5. 55115. 517. R. 8885.
Tamen 5555, ot. 577. at 5511. 1. 11111111 11111111 11. 1515.
5. 5151155555 8887.

1511155 8875 (55715511.
81155551, 55155151 Aug. 7555155. 1’11111111 1111111111111111,17511511111 111
151. 1517. ’1111 81551515 157. 188. Semina 11. 8881. 8888.
151. 11151 1155151551 7188. 8515155155 8888. 8888. 8111. 88181 cf·
8558115151 57511555 5581111171555515 1111111.
(videtur 5551555855 pro con. ln. 75151.1111515111555151515 11 Pou-
’ 117. ”nuntiorum 57511517) 8757. 515717155115 8888.
7551815155, 5. 5511. 517. 5155511.. qq. Prtogosltus 85515715 1571115511 denha-
1157. nrum 8871.
7151151155,5.1577. 515511. 517. lmen. 5587551558 551. 8871. 8878
1155155, 5. 5511. 517. ⁶(- 5155155.
55115155 8885. Ι81111111. ⁶!- 1151555.
11551555155)75151(17551)511551511.8871.

Μ

 

