133 vm. RES MILITARIS.

affixam 818113. wi. 1111. ζῗζξ“ἑιῗῆξ·5,ω3ζξ1ᾞὲ1ωθ” ’

3513153193383111111111111111. gfflfffgg'gfffflst

5806· 5932· 6049. 6502. ⁶769.
1111111 1111111 311 11111111 3333. ω’ωὼω. Μ·
3111111313 31111113111111131111131 fflffiffffiss‘u Μ·

3ῗί191511ῗῗ1111311111131 31111313131 'tliffliossszffiw 3511.

1111 3111111 3333. ³
1111111 1111111 1111111 311111131 Alo· 1111131111· 3151-
113111131 131. 1131, 1111111111 3335.

’ '⁸⁸¹⁰ ΠΜ ²⁶⁴· 11313111 333.

(11111 ΧΧΧ13111111111113373. 3373.)

11111 XXXX 11113111 31111111 337111. 11113111 3371 111.
11111311 111 1311313113113111.

111. 13113131131333.

111. 1... 3333. 3333.

111. 11131. 3355.

3. cohortos.

1. 31111111 3111111111.
111111113311311111. · 11111. 1111111111 11111 mmmm 11
pr. 1111111111 133. {mmmm 3111111111.
x 11. (1) 1111113377.
11133313333.
111133311111111113111 1333.
primus ordo 1111111331 111111. 11111 Au·
131113773.
111111111111111111131 pr. 3333.
11111313 1311311111113111111111. 3737.
1111111111 3377.
111. 11111. 11111. 3333. 3333. 3737.
11111. 11111. 11111. 3533.
11 corniculum) 111. pr. 1333.
1131311131 (1) 1111111 1111111 cohortium
1111111111111111111111131 11113111 1333 ,ιῃςηῗὲιθιωιζῖῐὲῗ affluam ᾖ·
113333. 11111111 111131111111 1111111111 3737.
1, 9¹· nm 1313133776. speculator 31111111 11 11111111111313.
11111111 1111111111 111131 3333. εξὲεὶζςιὲτεξὲᾟξοθὲὲέἑ.
11113. 11111131111111111311 1. 11. 111. 131111 111 1111111111 3333.
1111. V. Vl. vn. 7111. vnn. L 1311111111 13 pr. 3537. 3331.
11111 113111113353. 1111111111 11111. 113.
131111 111111111111 3333.
1131111111. 3533.
11111111 111111111113333.
1111113131 11111 111111131311 mm.
111131 13 1111111111 dd. 11. 11 111. 11.
1111111 331.
11113113 pr. (11 111. 111 C.) 3533.
11111ιὲ8 111,1 1111111111 11111 1111 1113111131
11

1111131 13 11. 11 111. 11 3333.
1 111111 111111313111113 mmmm

1

 

