vm. RES mulmis·

COb· a aa flmm- 11 52⁰· {moso ⁵„-

111. 1. 111111111115196.

6111111111. 11111111 5136.
11111111. 11111111 1. 11. 5113.
6111. 1. 9161111111, 1911111111) 3575. 11151111 3575.
615. 1. 1111111111 11111111 5196.
111111111111111. 9993. 1115. 9993.
1. 111111 11111111. 6519. 1115. 6519.
115. 11 ,111. 111111191111111611111111
66571.

1111. 11. 61. 1111111111 11111111 661. 11111. 661.

111111161111111111111111111111113155. 11111. 3155.
6111. 111. 6115111111111991.

6111. V. 61111111111 1111111111 5136;
u. 115. Υ. tuomum.
615. 1. voluptaria (1111. 1111111111) 1115. 3396.
Campanorum 3393.
6111. 111. 1111111111 111111 1111111-
111 5113.
61511. cumbrorum 5133.
6111. 6111111111 7111111111 3966.
6111. 1. 6111111111115373. 1115. 5673.
Coh· Chtlcfflonlil 67⁰2. 11111, 0702,
6111.1. Flavia Chamavorum (1) 11111111 11111. 5769.
1111111111111 5161. .
615111 ’111111 6111111111 6916. 1115. om,
· 61111. 11111.11111191111111113396. praet. 3161.

1111 1. 1111111 Rom. ingenuorum 138.

111111. 111111 llum. 796. praet, 718.
615. 1. ulamma 5995.

615. 11. 11111111 699· 3696. 11111. 696* 3696.

115. 11111111 3119. 3113. 11111. aam- 3119. 3113.
6111. 611111611111111111116763, 11111. 6763.

6657. 66561.

1111. Vl. 6111111111116597. 11111. 6591.
coh. 1. 6111111115311. 11111. 15311.
615. 1. Cugernorum 5119.

615. 1111. 6111111. 11. 5113.
615. 1. Cyrenaica 6755. μηοι. 6755.

1111. 11. 111. 6111115111.

615. 1. Dacorum 5669.
11111 11111111 6666.
1 1 Antoniniana 6669.
1 u 611111116696.
a 1 Postumiana 6691.
a a 71111111111111 6699.
615. ... 6111111111 5599. 1115. 5596.
1111.1.6111111111(6111111111)9153. 11111. 9153. 9716. 11717. 16611139
9716971716691139511331155. 31133.

1. 11111111 Dalmatarum 1633. trib. 1633.

1111111. Dalmat. (Dalmat.) 5119. 6666. 11111. 6666.

1111. V. 11111111. 5116. 6765.

6111. 1, 611111111111 65. 11111. 65.

l. 111111 9111111111. (1) 11111111 6696.

1. {ffamaau ω 111116611111111) corniculariorum.

6111. 11. 1111111111 5155.

615. 1. 6111111) 5696. 1111111 5696.
l· 1³1. 11111111 9153. 11111. 9153.

615. 1. 9111111111 5155.

615. 6111111111 9976. 11111. 9975.

 

