-09 01. nn. DEAE. Muunouoelco vomo.

0. 0101011111111 1107.

11.,001111101 00011.

11. 11Ιο11111 4090.

0. 1110111111501.

011011011547. 1540. 7190.

0. 100111 11011001 0509.

0. 110110111111111 111111111010111.

1010111.
0. 0111101 0000. 0007. 0000. 0009.
0010. 0011. 0470. 0057.

0. 1111011111 1550. 0405.

0. ’110011. 1111. 1551.

0. ’1111100111οι 101111015910.

fl. 10111 5701.

011111111001 0.’111101101111011551.·

11. 111111500. 1050111. 0041. 0701.

0000 = 0490, 7119.
0. 111111 1111111 11110111111101 1055.
0. V. V.s 0111οΙ1 1111111 1111111
11110011 1111111111 111110111111111
1110 101011) 0001.

0110111900.

0111111055.

01111011 10111111 0090111.

011111111007.

0111111 11111 5010.

0100101 0011.

010110111011111.00154010105000.

0. 1101110111. XXI! 111. 11. 1. 5790.

11. 11110101 1700.

. 0111111111 1111011111 0001.

11. 11111 1015111.

01111011 1040·

011111111, 1. 01111.

0111111, 1. 011111.

Hyacinthus 0000.

111111 440. 1007. 1570. 1570. 1079.
1500. 1700. 1707 55004. 0117.
0510. 0000. 7100. 11114910.

fl. 101. 0100.

1111 01101110111 11110111101 1101111
11111101, 0101 - 0001. 111. 0.
11101011. copo. 11. Aug. 1010·

, 1. 11111901. 1500. 1790. 0070.

1. 11. Aug. 1004. 0709.

1. Portunus 100011.

1111111101 Aug. 0070.

10111, 1. 1111111110 111111.

10110111 00511 1. 0011111.

11111, pro 111111, 7041.

11011 1111101 5009.

10111111 11 1111100001.

111111111111111. 11111111101111111 (1101

10011111 011101· 1101115040.
, 1111111101, 0101- 0010.
10111101, 0111111111.
10111 1909.
1111 1070. 1070. 1009. 0005. 0005. 0000.
0015. 0010. 0005. 0100. 0710. 0745.

{a} 5005. 0007. 00000100 0005.

1111 1. 457. 1074. 1000. 0055.
Numen 111011 1000.

1. Aug. 1900. 0055.

1. 1111111 1000111.

1. 110111111 111111111 1094.

1. 1011111 714.

1. 1011111075. 1004.

1. 0111111101 1004.

1. 0111111111 1070. 1077.

1. 1111111 0005. 0000. 0500.
1. 011101115900.

¹· 0⁸2ss ·“ ¹88¹· δ

1. 0011 0510.

1. 1101111 1070.

1. 1111010077. 5495. 5001. 5050-
011111 111111 111111 0009.

1. 11Ιο11111 10013 1004111. 0194111.
Ι. 11100101011070.

1. 1111111 5050.

11101101 1. 1111111 5000.

1. 001, (1011 11 0110111071.
1011 111111 111111111 1000.

1001 547. 700. 1170. 1070. 1079.

101011. 1090. 0110. 0700. 0010.
0104. 01041. 0140. 7110- - 101111
11. 110011. 111.11, 11. 000.

1. Album 1000.

1. 1111111 1009111.

1. 0010111 1090.

1. 11111101 1091.

1. 00111 1000. 50591 1. 1. 011111.

1. 0111011 1014.

1. 01011110119.

1. 0111.1. 0111.

1. 1100111101 1090. 109011.

1. 101111 074. 1094. 1005· 1090111.
1097. 1090. 0140. 0900.

1. 1111111011. 1110. 11001. 11. Ι 00101.

1. 1111111 111101 1099.

1. 111101110111111 1005.

1. 01101111 01111111 1000.·

1. 1011011001·

1.111110111111111111110101111001111. ἶ

1. 01101111 5000. 5001. 0000.

1. 01101101 11111111 1111111111 101111-
1110011 0100.

1. 0111001100οΰ

1, Qum· 1001. 100011. 000111.

1111111100. 009. 905. 9401040.
10101070. 10711000. 10011015
0105. 0009. 0515. 0007. 10714970
171ῗέ . 5040 5010. 0011. 5055. 0914.

1. 011101 Populum 1000.

1. 111111915.

1. 11111111 111111 111101 50501,

1. 011111 01111111 1009.

1. 011. 0. (1011111111 011111 111101)
1000. 0500. 0001. 1011,

 

