v. 1111111111 111111111111111111111.

1. sept. 1. 111. 11111111111111.
1111. 1111.

75

11111111. 11111. {nomm 1111115111
abrasum) 5511.

11111111111111111111111111111111111- 5η, Varius 1111111111 pum· 1111111111

111 11111111 1111111111 5193.
8111111111 (1.1)11111 11919.
1111110111. 118. 901. 911. ms.

915.

11111 8111111111 5111111111 1. f. 1111111

1111111111 911.

⁶· ⁶⁸0·- 01⁸. 9195591511· 1111. 111. 111111111111111111.

1151111111 G. 15.
1.. Sept. G. 931·

Geta 11111.
Δ lmp- cm. P. 8111111111 1111111

111. 5197.
1111. P. Sept. 1111111931.
Ρ. sem. G. Caes. 1119911.
1111. 111111. G. 111. 5511.
Imp. P. 1111- G· 5903. -
1111. 0111. 9. Sept. (1.1111. 111. 11.

ωιῖῑῑ (1. 1111111.
11111. 11111. 11111 summm 111111 911

(1111111111).

nnn. Cm. 11111111111111111111 ἡ

9111 111111 111. 5958.

Imp. 11. 11111111111. 9111111111 111.
3711. 1195.

1111. ene·- 11. 111. 111111111 5111.

1111111111 111. 19111.

lup. 1311111111 1111111 11111111 111111
11111 811111 11111 11111. 111.
9111111111 111. 11111 1111. 11111.
111. 111. 111. 111111(1.118)1111.

11111111. 11. 1. ῙΙῙ 111. 11 (1. 119)

11111, 111115. 91115. 1111. 111111. 943

11111. 51111, 1111. 11111. 11. 1111111
11111111 Pu 111. 911111. mu. 111111.
1111. 111111. 11111 11111111111111
1111 Germ. 11111. 11111, 1111111-
111111 Pu 11111111, 11111 111111111
11111111, 11111 1111111 111111. 11
11111 11111111111111 (1111111111

9111111. 111111. 1111. 111. 111. 111.

11. 1. p.) 111111 (1. 111) 5139.
Numen (61111 91111111) 5511.
Imp. 13111, 111. 0111111111111111111111.
11. 0111111111. 111. pr. 1. 1. 5511.
lmp- cm. 11- 01111111 Μ. 111. 915.
imp. cm. 11. 01111111 Severus 11.
111. 11.
11111111.11.01111111111111111111111
1111111111 corr. 1111111111) 9111
Felix invictus 1111111111 111. 911.
imp. 1111. 11. 01111118111111 111111-
111911151111111. 1111. 111. 1.
p. 111111 (1. 117) 111158.

11111111. 1115. 111. 11. 111. 111.
111111 (1. 118) 913.
11. 0111111111 51111ωωί1111 1115. caes.

11919111 1). 111111111111) 11111)
5 111.

11. 011111115111111111111. 11111111
1111111111 21.

01111111 Severus 1). 11111. 111111. 111.

11. 01111111 1111111111).111. 13111.
princeps 1111111111 9119111959.
111111 1111111 1111 impp. (11111. 1111115111
11 1111111111 1111.
11111 111111 1111111111 111. 1111 imp.
13111. 11. 1111111111111119111111111
111. 5515.
1111111. 111. 1111 1111111 1111111917.

11. 1111111111111111111111111111111.
11111111 111 1111111111111111111111
pont. 1111. 1111. 111. 111 (th) 111.
111. 11. p. 71111.

1111. 11111. 11. 111. 1111. 9111111111
111. 11111111 11111111 111 11111
1111111111 pont. 1111. 1115. 111ῙΙΤ.

ωιῖιῖ μ. 1.(1. 111) 1111.

11111. 111.]’1Ῑ1Ϊ 111. 111. 11111 1111· ’
11111 111111 1. 11111 8111111111. (1. ’

11115511.

1111. 9111. 9111 8111111111, 11111
11111111 11111111111,11.1(11.111.
111. 9111 51111111. 11. 11.) 111.

9499) 1111111. 111. 111111 (1. 111)

lmp- 1111111111. 111. 11111111
111111 111. 1111. p. 1. (1.111) 9511.

Annia Faustina 1111111111 959.

(1111 11111111 1111111111 111111 11111111·
1111111, quos 1111111111 1111111111
111111 1111111111 imporatorum 1111111
11111 1111111)

1111. 1111111111 111. (11111111 A.
91111) 3899.

111111 1111111111 0111115191.

1111111111 111111111111111111911111111
111. (1111111111 11111111111) zm.

Antoninus 1111. 1011.

11111 Mammam 111111 1111111111 111.
1. 1111111 1111111111. 1. 951. ’
1. 1111111 111. 1111111111. 6111. 11.

1111111 Sem! 111111111911 1. Γ.
111. 11 1111111111 955.

11111111111111. 111111 111. 1111111.
1951. 5910. ·

1. 11111111 1111111 11111111 1. 111111111.
111111111 1. 11. 1511.

 

