Π. unociimcs.

9111111111111111 5991.

vis 9191111111 5971.

id Fine· (9191111 1911. 1111111 111111. 11111111111111. 1
nnsis. Gsiiinnn 715. 919.

111 s. 91911111111999.
9111115919.

9111111, 91111111 9979. 9999. 519999571.

111 5911.
(9111111111) 5919.
91111111 95. 9199. 7195. 7197.
1111111 9111111111 9999.
91111111 9119.

9111111 5911. 1195. 9919. 9911. 9919.

9111111111 999. 1999. 9179. 9171. 9177. 911111111911111119111111991.1995.

9951 - 9999. 9175. 9197. 9999. 71991

ef. 9111111111.

vis 9111111111 1111. vsi. 111. 111111. 9995.

7999.

9111111111 9991. 9179. 5919. 91991 s!-

11111111.

9919. 9151 = 9199. 9999111. 9911. 91911111 51991 st. 91111111.

1979. 5999. 5599. 9919.
9111111117 9999.
91111151 (9111111 sissinium) 5919.
9111111111 9579. 9711. 97191191.
91111 9111111119999.

1. 1111111111111 71111111 11111111 (91-

mii) 5999.
91111111 9991.

9111111111 9799. 9197. 9999.
9111111111111 99.
9111115191. 5199.

vienni 9111111111 9791.
91111111 9111111799.

1. Augustum 5991.

1. 91111511 797. 5999.

1. 91111911 71111111111999. 9111. 995.
1. 91111111 711111111111011111111111 997.

1. 91111111 1199. 5919.

1. 1111111111 5919.

1. 9111111111 9717.
911191111111111 99.·

1. 9111115119.

1. 11119111111111 979.

7. 1111119199.
9111111111111 9911.

(isius 9911. 9951.

9111111 1199. 9919. 9959.
11111111111119111111995991595997.
5999. 9999. 9999. 9919. 9959. “
1111 1111111111 9111111 9119111119.
Nubamus, 1111111111 (usis)
9111111911. 1191111111. 9999.
G. 9111111111 θ151 o!- 1111111111.
G. 9111111799111. 11111111.
G. Lugdunensis 7991 ss. 9119111111.
G. Nssbsnsnsis 9991. 9199. 5177111.
9119111111.
G. 71111111111 199111.
1111 9111111111 9959. Μ. 9959.
11111111, 11111111111111 191919.
iussurus G. 9959.
1111111111 9111111111 9959.

9111111 1111111 11111111111111919.
11111111 11111111119111111 9171.
91111 195. 9575. 9951. 9999. 5919
5119. 5199. 5119. 5119. 9957.

59591. 9919 (i).

9111111111111 9991.

mus 9111111111111 9177. 5119. 9111111191911911111111111111)999.

11111111111 111111111111111179. 5111. Gsuiiisns 1111111 1199.

i. iuiii 9111111111 5991.
1. 11195919.
i. 9111111111111111.

9111111111, 111111159. 951. 959.
911111 5959.

9111111111 9191.

1. Sempronii 9771. 1999. 1999. 5919. Genusia 9119.

1. 71995199.
9111111 1995 sn. 1999 sn.
9111111911 9199.
91111111 1919 sp.
91111111 9999.
9111111 175.

91111111 179.

91111111111 5155.

9111. 171.
9111111, 91111111 171. 171.
91111111 11 911911111 9919.
Fucinus 111111 799” inmissis).
Puiginstss 99.· 9717.
Fundi 9951. 5919.
9111111111 991. 7997.

11111 91111111 7979.
Fusio 1919. 9199.

111111 iuris-is 9199.

9111111111. 111119111111111 nis. 9159.

Arimini 9119.

Germanis 799. 1599. 1797. 9199. isis.

5917. 5991. 5119. 5191. 9799. 9959.
9111111111 11119571. 5599. 9999.
9111111111 11111111 799.

9. 11111111 179. 195. 999. 1797. 9999.
5159. 5599. 5599. 95995919.
9. 11111111 179.-195. 9599. 9999.

5591. 9951. 9591.

9111111111 779. 1919. 9599.

91111111 159 5919.
91111 1195.

(11111 Aug. 5911.
9111111 999-
9111111 5919.
91111111 997.
1111111111 5999.

 

