IX. RES muamus,
1111111111. 1111111 Futurum 1018. 1111111. quinq. 111

1111 1811118818.

11111 111 111111

unq· 1111.

Pompeiis 8580. 8181. 8800. 1005.
1111111111. 1111 11111111 8011.
11111011 1111. 111111. 1. inq. 1018.
1111111. 1111 Anum· 8888.
11111111111111111 1111 11111.

1111111111 8010. 8850.
11111. 1. 1. 1. 11111. 1111
Pompeiis 10101.

d. 1. 111. 111111111111111

Pompeiis 1018.
11111 quinquennalem
0111111ρί111 588.

1111111111. 11 8. G. 1111. 11.

811111 8181.

11111 qulnq- 11111111 01111111 5008.

11111111 0081·

1111111111. 11 proximum unnum

81111 1081.

0111111110111111. 1111111. put.

8111111111 1088.

1111111 1111 11111111 quinquennum
11111111 1111111111 1111115111.
1111111 quinquennum. 1111111111.
quinquennalis (1111111111 111111 1111

1111111.)
,11111111 8108.
,1111111111 8110. 8181.
10111811·

,1111111 8808.
Amerino ⁹2¹1?
1111111111 80881
111111 5800.
1111111 Apu( 8851.
01111115008.
Fuluiis 0800.
Ferentini 5150.
818111 115.
810111, unt· 1000.
Foro 111. 8801.
1111111111.
novamne 8880.
1111111118 5180.
011111118858. 8851.
0111111800·
Perusino 8188.
Petelino 8011. 8818.
nunno 11111. 1080.
111111115111
fumun? 8855.
1111111111.
sulm 8850.
sanamque 1850.
11111 1010.

11181111 8811. 8085

ι 1111111 11 11. 1111111 8118.

, Auernum 8811.
,111111 5000.
1111111111 0058.
manmit· 0080.
Teuta 8858.

1. 1111. 8110.

0110ῗὲἐὶ ummo& prop· 111111

1111ηέ111110 1111111111 1111111111 11·-
mu ³⁷12*an 11 1111111111 u
11111111 11111111111111 111111 q. q.
1υὲιθ1ἒ11111111 ludentium 01111111
1111οὲ5 {nnuman capunu 11111..

111111. 8111118111 181.

01111111 1111 dicundo 1111111111111, Ι

11111111111111.
,118116111 5011111111111111 Patruini 0080.
11 quinquennum 1111111 1081.
01111111111111111 bunun 018. 0151.
1080111.
0111111111111 11111188.
Qnuqueuuuuua 11111111 munz-:1⁰⁸2
111011111111111111 111111111111111111-
11111111 1111111 1111111111 0050.
011111111111111 01111111 8181.
1111111115.
Fun! 8800.
11111ἑὲ 11111 1111111111111111 Caunii

μ’·

Aeacus. 1111111 111 munus 11 11111111.
11111111 1111111 15111111 1081.
11111 1111111 111111 8818.
vonum 8818.
11111111101111111 1111111111 1111111111
1111111111 8111111 8010.
1111111110. ,1111111111 8011051100.
1111111111 8181.
Cum 8000 = 0008.
1111111111 1008.
Locris 1050.
umen-u 1000.
1111111111 8100.
111111 111 8888.
81111111 8005.
1111118800.
num ml.
11111111 8810.
11111111 111. pou. 11111111 squ. qm

. 111111111011111

11111111 1051.
11111 Fun. 1110.
Comum 5000.
81111111 0088.

 

