vm. 115111111111. ’

1111111 qui 11141111 1141111111111 1111 uiis.

mb- ³⁴7¹· ,
111111114447. 3471. 4771.
111111111
411111111111 11111.
411411111.
4. 11141111
1111111111111 1114111
111141111111
111111111
11111111 111111111
114111 i 111311111714171. 33¹⁰„
111. 111111111113471. 11111 111111111111 ‚
1111111114 41114111111111111.
11111111111111
1111111
1. 1114111
11441411111
11111111111
111111111
1111411111
111111111111
111111.
1141141413.
111. ιι vis· 1111. 15111111. 11111 gssssff'sswm· ⁵⁰³⁵·' ⁶⁷⁷⁵·
‘W' ⁰⁷⁷5‘ 11111111111 141.
vexillarius 144.

114. 111 sig. 3144. 4444. 5444. 4744. inhumanissimam.
1141111111. 74. uuio. 1114. 74.

,11143574 6747. 47111.
11111111 sius. 1111. 1111.
11111111
411111111
14111111
411141111111
4. 11111. 4744.
4. 11411111. 11141111
4. 1114111 11111
buccinator 111111111(111 1. 1111111
1111141114111111) 1. 411111111
11111 s. 11111111
ωΗΜΜψ. 1. 11111. 1. 1111111114

M.3574.ii'16·1. 11111111111 0, whom,

6791.

⁶79¹· ⁰793. ⁰⁸17· ssssgisitirilshsiluls¹ . psinmii‘s 4111411111111
ι 111111111141 11111. 1 11111411141111111.
1111111111111 11111. 11111111114. 4741.

1. 11411111. 1111111111
1. 1114111 1141111111
1111111111 11111111111 ,
emeritus 411141111111 1. 111111111 ·
11111111 1114111 1111411111
honestius 1. 111111111
4111111111 111111111111
ι 114111111 111111
i Ι. 11411111. 1. 11411111
i. 1114111

 

