vn. 999 PVBLICA 9094909991. 41

1191191991 3995.

091199 7004.

9911199111 9530.

999999119 4009.

999199 9179. 3049. 3047. 3099.
3914. 3949.

’1151199 3994. 5151. 7149.

’19991111 9979.

Ρ991919, 4991111554.

4999911 4911117139.

1191199199. 3549.

39199199 5995. 5997. 5999. 7050.

1119999 5494. 9919.

Narbone 99594999. 5999.

9199911179.

9991911999 3599. 9791.

991199199 9791.

11919991 9499.

99991999911111119 3439. 7071.

9991191 3909.

991911 3307. 3979.

9191919995.

’19119911 9193 = 3995.

(91. 191. 11, 9. 13 9999.)
991119. 41119195. 3977.

1199119199 7999.

1191191991. 94. 3390.

1199991191 7933.

Foro 1111111 5110.

11999 9991999911 4039.

1919919199 99.

91911999 5737.

9911991199 455.

99911 199111179. 3993.

919999 9797.

19999999 99999.

Pomptina, 4999111 9199. 9539·

4119991 5195.

99919999 73. 94911,

19919114919.

11999191 9954.

99191199 3939.

991991199 5310. 9917.

9919191139.

19191199 7939.

9119111119. 419191113795.

49999199 4101.

494911999 4199.

9999911911 3795.

9111119947.

11919999 97. 9193. 9177. 3130.
3919. 3439. 3997. 4359. 4479.
5113. 5991. 0910.

99911119, 1119191919 5999.

corcyrae 1119919 503.

1191999 315311). 3199.

99911999 9990,

’19999119 7193.

Quirina, 491119991 109(1). 3747.

49019795.

41919913794.

41991191 7175. =
1191999. 19191. 199199179397399.
· 99911111 119.
11119199 5059.
99991119 3999.
3991111199 1343.
3991991199 5934.
9991999111 5100.
1111919911 9949.
919199 5317. 5319. 74199.
Ι 9191991199 999.
9911119117.
111999113999.
1999115399.
1999199 4497.
1919911 5991.
1191115793.
1999111191 7000.
1191999199 9354.
0919999 134919.
091199 7174.
99119191 3991. 9150.
919999 3749.
119119 3995. 9759 (1).
9911199 9754. 3049. 3391. 3399.
5399. 5509. 7359. 7349. ’
9119999199 5393.
999191113995.
’1999991199 9195. 7159.
19191157.
7919911 5990. 9
9919999 4919.
1191111119, 419119 3997. 9959. 7995.
919999119 9303.
11911119 4390.
911999 3979. 9515.
Sabatina. 1111111199 9190. 9359.
1199199 3991.
9999119. 4111913393.
09919999 9499.
1199991199 9999.
Foro 19111 3901.
991999 4374.
991919,49111113940. ,
4911999199 911. 5939. 9154. 9157.
4911113393.
49991199 1999114995.
39999911 9939. 9995.
9911999199 3519.
eornm! 4119.
11911999 5909.
1199999 3991.
119199 3993 99.
1199999 9999.
99919199 3794.
9919999 3933. 7040.
99119999 3950.
9999999991 145.
“ ’1191999119 3999.

 

