vm. 1188 1118118818.

818 88118888 11881888 1857.
818 88188888 (1) 881188. 8888. 88881. 8888.
818 1. (1188418 1181188. 8857.
81811. 881188. 8811881888 54488 8. 81881
summm.
818 (181188. 81 1188888188. 8818188818· 88881. 884.
8888 884.
818 (1888111888 8858. 88881. 8858.
818 Aug. 88881888 8581818188 88881· 88881. 878.
1818 878.
818 1118888. 478. 488. 8158. 581738858. 88881. 8158. 581758858.
8181. Hispanorum 8588. 8888888888 8588.
8181. 11188. 88188888 8. 11. 5455.
8181. Hispanorum 8888888888 88588. cf. 818 campanum
818 11888888. Vettonum 8. 8. 5448. ί m “
8. .

88 mam· 88. 88. 88888888. 888. mm„ Μ,

8181. Aug. humorum mum· 5448. 88881. 5448. ,
818 1188888881 1848. 8888818 1818.
818 11888188 8848. 88881. 8148.

8181188818818118 18888818 8788. · 88881. 8788.
818 Noricorum 8888.

8181..11888111. 8848. 88881. 8848.

marmannorum 8888. 8888. 1 mamm·

881. mn. 888. 888. flffifgssffim,
1. 888888. 78881888 5448. 88881. 5448.

81811. 888888. 485. 8888. 88881. 485.
.8181188118 8887. 88881. 8887.
818 881881 8788.

818 88181888 5455.

8188881888811. 81818888818518. 88881518.
818 Phrygum 8788. 88881. 8788.
818 8188811888 5418.

818 1118881188 8781.
818 88888818 5488.
8181. 888818818 8718. 88881. 8718.
1. 88881. 8. 11. 5488. 88881. 5488.
818 1. 08888888888888 (1 881 8888888-
88181) 5455.
818 11888818 5884.
818 8888818888 5418. 8714.

818 1. 8888818888 518. 88881. 518-

818 8811881888 1888. 5785. 8. 81888 881- 88881. 1888. 8185.
188. 88188.
818 8111888 5488.

8111888 18888818 811. 8858. 88881. 8858.
8181. 8188. 8. 11. 8551. 88881. 8851.

1. 8188. 8. 1. 8. 11. 1784. 8718. 8811811784.
1.-111818 8188818888 8711. 88881. 8711.

818 11. 1118818 8188. 8518Ι 88811888 8518.
818 88181818 (11 8888. 8188188188 8888.

818881818181. 11. 8844. 88881. 8844.
8188 888888 8787. 88881. 8881888818 8188888 8787.
8181888.. 5858; cl. alam 1188888. Τ8888.
818788188818818. 8. 11. 8558.

81818888. 1188818888. 8788. 8848. 88881. 8788. 8848.

818 1. 711888. 5488.

1. 18888881 1188881888 5488.

 

