111 vm. 1111 1111111111.

1111111. 8888. Ι
11111111 1111111111 1111. Ι. 111. x1 8858.
1111111 1111111111 1111. 8. 8858.

11111118888. 5878. 5878. 8858.
⁴ 1111). 1111. 111111. 8178.
11111818111111188788888.88888888. 11111. 1111. 8858. 5858. 8888. 8888.
8888. 8588. 5878. 5878. 8788. 8858. 8858.
(11118111111181111888.885888. 1111111. 8888. 8888. ’
887. 858. 855. 888. 8888. 8888. 11111111 8888. 8888. 8888. 8878.
8888. 8855. 8878. 8888. 5888. 5888111.
5858. 8888. 8888. 8888. 111111111111111118888.
11181111 8588.
1111111 111118888.

1111111188. 8858. 8888. 5878. 887 8.
8888. 8858.

1 1

' (11111 xl 1111111 1111. 881111. 8858.)
81111 ΧΗ.

11111 1818 Aug. 8888 up. 11111181 888811.

11111118887.

1111111811 1111111111 587. 8878. 8888. 1115. 1111. 111111. 8878.

Ι8888. 5887. 8887. 8588. 8777. 11111. 1111. 5887. 8588.
1111111. 587. 8777.

1111111111 888.· 8858 (1). 5888.
1111111 8888. 8888.1888.1788. 8788.
ξ 1111.1111.1111.11111.1111.

11111. 1111. 8888 up.
11118. 8588. 8888.

11111 xm 111111188858518788. 11111. 81111. 8887.

885. 8888. 8888. 8878. 8888. 8888. 1115. 111111. 8888.

111111111111. 11111111. 1111. 111. mu. 111. 1111. 1111. 11111111. ’

8888. 888811. 8887. 8888. 8888. 5888.
8588.8588.5858.5888. 87888787. 1111111. 788. 111 1118851.
8788. 8888. 88588855. 8878. 8888. 11111111 8588. 5858. 8787. 8788. 8858.
gem. p, 1. 8788. 8878. 8888.
gem. Antonianae 8588. 8888. 8888. 811181111111 111111 1111111111 8888.
gem. 811811118887. 1111111111111 praet. 81111. 8887.
gem. 8111111111 8788. 8888. 1111111188.
11111111115188. 8887.
1111811111, 8111111 8888.
11111111111111 8888.
duplum· 8855.

81111818811111811588. 888. 888. 8188.
887758788. 8877. 8188. 8888. 1111111888. 8877118788. 5888. 8858.
8888. 8858. 8858. 8888. 8888. 8888. 78881.
8888. 5888. 8888.. 8858. 8888. 11111. 1111. 88. 888. 8788. 8888. 5858.
8778. 8788. 7888. 8888. 8888. 8787.
1111111 8111111111 88. 1111111. 8858. 8778.
1111111 11811111 1111111 8588. 8858. 11111111111111118858.
’ 5858. 5888. 8888. 8788. 8787. maij mmm. ‚
71881· 1111111111. 1111. 1111.
11111111111118788. ΜΝ, ΝΜ, ³50⁰.
(11ἕ1181118 11111111111818111111111. 1111111111 8788.

51111 XV 8818. 1118. 1111. 8818.
11111 XV 81111111111788. 8888. 8888. 1111111 8888.
8888. 8588. 8788. 5888. 8888. 11111. 1111. 888811.
Λ8888. 8788. 11111. 1111. 8788. 8888.
8118111111 111 11111111 8888. 11111111 8888. 8588. 8788. 5888. 8888.

111118811111111111887888788788 111111118788.

 

