11. ezoomfflca.

0100010 0707.
0010110100·

110 00111101 0000.
01001101 5100.

0011000110 0001. 0075.

010110001οΙ 100. 0700.
0011000101 07001.
001001017100.
001110000.

0000011001 0000. 0000
0011001111 5000.
000001001000 507. 0000.
00010000110101 1000.
0000101010 5070.
0000000110 150.

0000110 5000.

00010101, 110001 - 0007.
0001110115.

710 00010 0000. 0010. 0010.
00101110000001 5015.
0010001010 5070.
00110100 0071.

Antinum 1110111001 100.
0011001110 Syme 0000.

0011000010 Syru· 0005.
00110010 000710.

0011001110001 0700.
0011111101 5010.

0011010 0705.

00110111 0070. 0000. 0100. 0051.
0010001000 5000.
00100001 0000 10. 5170.

000010170101101 1050.
0001010 0011.

00110000 1111111 000.·

0010100110001, qu! 1011100 00010 0101.

001110 100101 (110) 0057.

0001110010 01101 0005.

0001001010 007.

710 00010 500. 0007. 0017. 0001. 0001.
0007. 5500. 0050.

010 0. 000. 10110.
00000111. 0010010 01. - 510.
Apu 10110 5010.

101. 10110 Apu 107. 000.

000011. tm·

0001101007. 1170 0077 ε 0700. 0175.
0005. 0010. 0750. 0005. 5570.
55701. 0000. 0500. 0000.

0110111100.

00000011 0010010-1005. 1500. 1000.
0117. 0000. 0005. 0701. 0010. 0000.
0015. 000010. 0550. 5000. 0050.

11000011, nummum - 0011. 1101.

0000. 7100.
1000. 0101110. 00111. 0000. 7010.
001. 0011 0001101111 001.
0100. 0111. 00011 0000.
011010 000. 000. 057.
00000111 1111111 000.

10111 015100 0000.
0. 0100111001. 1000.
0. 00001 1000 1000. 0011. Μ.
0. 0111010 5000.
0. 00000 00011110 105 100010 0001·
0001111500.
0. 11110 500.
1. 01111011οι1 0000.
0. 7101015700.
0. 71001000 0000.
00011 0011111 0017. 5000.
Α. 01011011110007.
0. 70000101, 0. 700001105010.

00010111 0110. 050.

00000101 10001000. 057.

00000111, 0111101 0001110 -· 000. 057.

0001011100101 100.

00011010 71. 0000. 0000. 7000.
0001101001110. 0. 7007.
0001101101110010. 0700. 0000.

00010000 000. 0000. 0100. 0500. 5000.

00570.
01111 01011100 0. 0701.
Sept. 0001110001 500.

0001011ιο 5150.

00010101 0500* 0500· 0051. 50000.

0001110101 100. 0100. 0001. 5051. 0050.

5010. 5100. 5500. 00005007. 0000.
cl. 0111110.
00011001 1057. 5010. 5055.
000 1115101010) 0700.
00 0000 0010.

001010 0000. 5500. 0000. 0011.
0005010505.
0010100οθ.

01110101οι11 100 up.

0000001515.

0010101005.

0000 0010. 5000. 5000. 7007. 7000.

0110110010.

0001001, 0010010150. 5000. 5000.

0110010 0100.
0010οΙ1 710011 10110 Secundanorum

0000110 5001.
0000110010 0010. 0000.

0000 5075.

010101101 0051.

0000101010 0100.

00000011 0050.

0011010 0000. 5010. 101. 10110 11010010

01010110111000. 000.
00111100111000. 5005.

0010010 11) 11001 5000.

Argen 5000. 5005.
0001101 0000.

0111101 0700.

00100101 0500.

0111110101 0005.

01110011 1100111001 00101 0005.
01005113ὅο 00. 005. 0000. 5100. sm.

 

