11. 00000100Ῑο1.

11111 7111111 1101 1108. mi. 8101.
0101. 0571. 5177. 5170.

0111111 1110. 1100.
011111111111111. 11111. 11. Aug.
1111111 1111111111 5001

01111111 15. 10111.

1111111 7108.

01111111.

111111 111111111 1000.

1111111111 1110.

01111111111 1000. 1111.

1111111 0100.

1111111111111111111 0111111111 7011.
11111 1111111 17.

1111111 0111111111 10.

1111111170. 111. 11. 11. 111.

1. 01111111111001.

Loretum 1111111111. 0111. 11. Aug.
11111111111111 111. 11. 1111111111.
Lucus 0111 0111 001. 1700.

1111111111 1370.

1111111111 5100.

11 1111111 111 111 11111) 1117.
111111111111 (Augustorum) 05.
1111111111 1111111 5001.

1111111 1111111 1111.

11111 11111505. 0111.

1111111 585.

11 111111 (111) 1.
0111111111711111111111005700500001.
1111111111 81.

1111111111 1. 710. 011.

1111 1111111111 1111. 0111. 11111. 11. Aug.

01111111 1117.

Pom 1111111111 5005.

1111111111 1110. 5001.
11111111 11111 1017.

1011111111·

oenum 1111. 1111. 1111. 1111
1. 111111111111.

1111111111 5501.

11111111 0000.

1111111 111111101111570.

1111111 11111111 11 1111111111 1017.
1111111101 11111 11111111) 1011.
111111 711111 1051.

01111111 11111 111111 55111. 1005.

11111 1111111 5. 7.

1111. 10.
7. 1081.
711. 1007.
X. 5.
111. 5.
ΧΙΙΙι 51
71111. 5. 700. 1155.

11111111 01111111111151051

11111 11101111111111.
011111 1181.
snm '¹¹ 4148. ⁴¹5⁰· ⁴1⁹3· ⁴2¹1· θη

18000 1000. 7111.
vlt 111111110. 1155. 1101.

0111111111111 8010.

01111 1111 5007.

011111. 11. 1111111501.
011111111111 1111011111 111111110.
0111111111 deorum 0111110111 Μ.
11 11111111 1111115000.

011111 111111 0.

Subura 0005.
0111111111111111111111 1070.
’1111111111 01 = 8107.

Templum: 1111111111007.
0111 1111111 111111111111 5111. 5001.
10571050.
0111 1111111 110111111111111. quod
111 11 1111111111 1111,

0111 0111111 1000.

1111010.

0111 111 0571.

1111110111111 111111111 150οε1510.
’1111111111 11111111 1111. 0111. 11. Aug.

1111. Pr. 11. 111. 00.

01111111 5000.

111111111111 1501.
Aug. 1111111111. 1005.
’11111111 11111111 1101.

1111111501.

’1111 1501,

1111111115.

1111111 1501.

111111111111 5000.

1110111111. 10.

011111111111 1151.

011111111111111 11171510.

1111111110.

71111111 11.

1111111 0111111111 1111111111111111
111111. 11. 11 1111111111 5⁰⁸⁸. 5100.
71111111 5001. 5007.
71111111111 1115.
11 Vertumnum 5005.
71111 111111111111 11.· 1005.

01111111 1105.

1111111111 701. 1101.

1 0111111117.

111111110017. 1111. 0111. 11. 111.

11111111. 507.

1111111111 111. 7111107.

111. 1170.

1111111111 1155.

011111111111 10.

111111 1171. 1105.

Vim 1111111111 111011 1, x, Xlss, xn,
11111 111115.

1. mm. 1111111111111.
vm. 111 11.

1111110810. 0007. 7157.

Abellam 0010.
111111111111100. 1101. 0500.
1111111 1017.

0

 

