vll. RES 4441141401114011411.

1444414114 444 1441111444 4141444144
4444. 4444.

4441441144 4477547411. 4444.
4441144 41 441444144 4474.

444 4414441444, 14444444, 11411-

1144 4745.
4444144144 1144444144 447444.
1141414144 4444. 11144 4444444.
444 4144141444 4111444144 4477.
4454. 4447. 7444.
44 14114114 444 1114414144 44 1144-
441441, 11444444 4174.
4441144144 44414414 414414444444
441444 4445.
44414414 ’144414444444 4444. ’
4144144 44 4411414 4444. 444444
4144444411 144. 44144 41444·
dum 444 14444444 744444444-
444 4444.
4444144 1441141444 4444144144 144111444144
4447. 7444; 41. 4444.
4444144 144. 1114141444 14144144 41 Gn!-
1444144 4444.
1441414441144444144 4114414414 1478.
11144. 411. Tarraconensis 4444.
His 4444 44 4144414414 similitudinem:
1144141444 4444411 41144.
41414444444 4444. 4445.

D*—

Comatam:
corrector 1441144 41 1141444144 4447.
4444. 4445. 4744. 5574. 55744.
camanum 4444. 4144. 414441.
4441. 4444.

1114414144 41414444 444. 44411. 4174.
41144. 4475.

4141114444 1141144 44.

1141144 ’144444444444 11114.

44444144 4111411114414 4474. 4147.

51411144 4474.

7444144 4111444114 4144. 1141. 4445.
4354. 5444. 4444.

4444114444 4111144144 1454. 4445.
44111. 4744. 4474 (1).

44414444 444444 4145.

cernetur· (1144444144) 4445.

cautam:
144411 4444414444 44. 44. 1414444441 44·
4411441114 4444414444, 4. 4. 14441114
4411444144 4741.

(1444414444 4144441, 4444444, 41441 ’11- 5

44414 441. 4. 4144414444.

’114

44444141414411144 444414 4444444144-

41444 41411414 4441.

14411144 4111444144 4141.

4414444144 44144. 10441144. 4444.
4444. 4144. 4474. 4475. 4444.
4744. 4744. 5544. 4141. 4547.
4541. 4544. 4414. 4444.

1144444144 444 5444414 4444.

114414444 111, 41444144 4444144141.

11444444 41 44444144 4474.

4441144144 4454.

, 1144444144 4451. 4444.

4444441444 44444444 4441444441444
441444 4444.

4144414111. “

114411 41 1111444144 4444.

81414144 4444. 4444. 4444. 4145. 4474.
54411. 5544. 4547.

’14444144 41 11444144 4444.

74441444 41 114414144 44.

4444414414 4411444414 4444144144 11441·
4144 44444411444 4544. 45411.
44144444 4444414414 campaniae 4174.

1444414444
11414144 4411441414 44144144 444444, 4411
4444144114 4444444414 41. 444 (144.
6444444144 1441 444 (444444. 4444.
144444411111444. 4444. 44. 44.
4444444 44441414. sunm 44444114.)
4444 (144144441441414 4554 (144.
Pannon- ins-k 4745 (144. mm
4144); 44144 (1441144144), 441. Ρο-

41444 441444 1444444444414141414144 '

4444144444411441444444444111444·
4144144444 14444414 1441111441 44444144
(44. 1111444441, Am. 1441. 1454,
4. 441, 441.).·
4. 1144441444 4141 cumam:
11444444 4444144144 44411441444 4144.
4444. 1144444444 4474.
4444. 74144144 1144444444 4474. 4454. 2
4444. 1141441444 44114. 444444. 5744.
4444. 11444144 444. 4474 4417.
1144444144 44444444 4444 ¹).
4444. 444414144 5547.
444144 (14414 44.

1. mm 444· persumme
1444444114144 1141114444 44444.

4444. 1444114444 4451.
4441144144 4744.

4444.1144441441444141441455745574.
(4444. 1144444.) 4444.
prowm! 44411444441 4444. 5454.

4444. 1144141144 444. 5544. 5544. 4444.

1) 1141141144 441444 1114411414 411 1444 1111114 non 4444141; quum 4444 Pannoniae
4144144 4414414444 1444441444141, 444444 4444411144 44144 4144441444 4414144 4444 .

(1411441. 1444414141. tuin. Vol. 111.

4

 

