V. IMPERATORES ΕΤ IMPERATORVM FAMILIA.

{np- 6111. 11. 111. 1161111111.
11111. 1111. pot. 111. 11, 11111111
111. 111 1. 11111 1116111111 11., 11111
’11111111 1111111111111. 11111 1111111
11111. 1116 (1111111 1111111111 ,· 1111.
commum).

1111. 6111. 11. 111. 1111111111.
1111. 1111116 XV. 111. 11111. 161)

11111. 1111. 11. 111. ΧΤ). 111. 111

(1. 161) 816.

imp. 6111. 1111111111111 111 1. - 11·
nepos 11. 1111161111. p. 11. 11.
111111. 111. 11) (1. 161) 3361.

1111611111. 111. 1111. 111. 11-
111111111111111666111111161- pont.
11111. 1111. 111. 1111111111. 11111
Antonini-{Q 111. 11. 165) 6516

1111. 111. 1111. 1111.Ῑ“11“1. 111. 111.

p. 1.(1. 161) 666.
1111111111161-16 6111.-1111111111.

1111. 111. 1111111. 1. 11. 111.
111. 1111111 (1. 111) 616.

Imp. 6111. 11. 1111111111. 11111·
111111111111111111-1. 11161111 1111.
111. xxm. 11111.11(1111. 1) 111.
1611. (1.11111111.

1111111111 Mem—Qun. max-joab

6161. 1111. 111. 111111. 11111111.
111. 1. 1.(1. 1611) 6561.

11111. 6111. 11. 111.-6116111. {igr-
1111111111. 111. 111111. 111. 111.
1111. (1. 116) 6615.

11111. 6111. 11111- 11111. 11. 111.
1111. 111.-61611. sufflant· Q
1111. 111. Ι11111 11111. 1111. 111. 111.
p. 1. (1. 116) 861.

111111111161.

11111111 6111111111 11611111611111-
1111111) 111. 3511.

Faustina 11. 1111111.

T. 111. 1111. 6111. T. 111111111111111
1111111611 111.-111 p. 1. 11. 11.
11111. 11. 111. 1111. 11111 1111111111
61111111 1111 (1. 111) 865.

T. 111. imp. 611111111111111111-
111111 Q. 61111111111.1111.)ῙΧἮῙ.
1111111. 1. (1. 116) 6615.

F. Aug. 611. 611. 661.

1111111111. 11 1111111666.
11111111 Pu 1111. 11111111 66111.
111111. 1111111.111111111 111. 51111.
11111 111 T. ³25³.

111111. 666. 6665.

T. 116111111111111. 1111111 61111111
1111116111 111. 61111. 111111111-
11111111111. 11111111 611.

T. 11111111 1111111111 11. 1111111611-
11111 611111 11111. 1111111111 111. 111
p.» 11111616.

11111711ωέ1. 111. 1111111111 6111. 111.

6111111611 1. 111111. 61116111111111111111.

Lucilla, 1. pout 1.. 1111111 111.

111111 6111116111 1111111111 6115. 5116.

6151ζ66ι111 111. (1.1. 6111111161) 11111

1616186361 6111111 11. 111111 111.

1. 1. 6. 1111. 611111111. 11111, 1111)
111 111111 61115116.

»omma 11111· 1111111111 61111111
1. 11111. 11111111 111. 111 p. p.
1111111611.

mma 11. 1111111 6111 51161111.

1111111 11111111) Faunine 11111. 6111.

11. 11111111 111. 11111111 1111111111 ,

1111111111 6111.
1. 11. 1. 6111.
111111 11116111 T. 1111111111111115111.
imp. 6111. 6111111111 111111 111.
1..11111111111111 6111111611 111-
pentorn 6111. T. 11111 1116111111
1111111111 111. 111 p. p. 1. 5666.

11111. 6111. 1.. 1111. 11111 111. 6161.

1111. 1..111. 11111111. 6511. 6661.

1.. 111. 111111 111. 1161.

1111. 111111 111. 6116. 6566.

lmp- 111. 11111 1666.

11111 Aug. 61111 6111111111111111.
111616,

1.. 111116611.

11111. 6111. 1.. 11111111111111-
11111111 111111. 5161.

1111111111111611111111111111 111111-
11111 11. 5615.

1.. 111. 11111 111. 11111111111111-
111111 1111111111 11161111 611.

111111 11111 111111. 11111. 1111111111.
6111. 11. 1111111 11111111 111. 11-
11111111. 11616.- 611111. 111111. 1111.
11-1-1. 111. 11111111. 1. 111111.
111. 111111(1.111) 618.

6111111111 111. 6186.

111111 11111 11661 11. septimium
61111111. ⁴

11111. 6111. 6116111111 11111 Aug.
1111. 111. 111. 11 (1. 161) 5116.

111111. 6111. 6111111111111.11111 111·
1111111 1. 6111111111111111111 1111.
11111 Nemo 111111. 1.. Among!
11111111. 1. 111. 1111. 11111111.
p. 1. (1. 16116166.

11111. 6111. 6111. 1111111111. 111.
11. 111. ll (1. 161) 616.

 

