11. 1111111111 11

11111111 b. 1860. 81111111111 81111111 750111. 75711.
Ι). 1111111111 11111111111881. 1181.
0111111111111 11111111 b. 1880. 8111111181111111111111 111111 8111111
8111111111 1111111111011 11. 111111· 81871111111 81111111111.)
1111 1801. 81111111 11181111 1.1.8151; 11. (111-
81111 1111111111111 11 11111111 81181. 1111111 111 81111.
. 1111111111. 81111111111111110811011111101115111.
11 1111111811111111 11111111 1Τ1. 5515. 71111.
811111161111111111110111111111 ’11111111 1111111111 (111111 11111111 8878.
1111111 0005. 0111111011 0170.
Arma 1111111 8. 8811. Τ. 1111111111 8008.
S. 81111111 8151. 8107. 8818. 8818.

2244· 2235· ⁴954. 5003· 54³5. 0. 81111 1111111 11101111 11111111.

5117. 50110. 8007. Α 11111111018711111111111111111-
Ful! 8111111111 811111111111 8807. 111 0100.

8111111111 8. P. 8111. 11111111 (11100111111118188.
S. 8111111 580. 8815. 8701. 11181· 1111111118018.

8185. 8781. 0008. 1111111111 111111 8817.

8111111 ’11111 710. 000. 8301. 8300. ,111111151111111111 1111111181 8180.

5880. 0171. 0011. 81111111 108111111118118.

8. 7111111111 1385. Α. 11111611111111113110.
Virgines 81111111 (11.0.) 578. 8130. A‚.0(110N091u11132,

1111. 111111. 8158. 8711· 8808· 1. 11111111 1111.

8556. Δ. 1111100111811. 1101111 8111
811111110. 006. 88111 1111 quod 111 1181111111, 1111-
81111111111 (7111111011) 1111111 1111, 111 111111111118118.

11111111111111 1111111111 1808. ,1111111111 8111111 (11111111) 8115.
811111 V. V. debetur 111 1111111 1111 1111111 1 01111 (11111111) 8111.

sepulcrorum 1188. 7880. 111111111111 0111111111 (0111111111) 1175.
V. V. 01111, 11111111 587. 1111111111 (1111181111 8188.
7111171111111 11111111 (v. V. mx) Δ. 1111118075.

ἓξὲξ. 8881. 8885. 8888. 8887. 1111111111 (11111111) Augurum 000· (1).
(811, 1181111111, collegiis 1111111· G. (1111181111 11 0111111111 8131.

1111111111,1111111111111111111111 C. Vllvlrum ennianum 8188.

1111111111 non 111111111111111; 811111110181011111811111111118188.

11. 81111111, 1. 1. (1. 50.) 01111111111111111111181111118181.

γ. 1111111111 1111111111111111111111- Hssprm’ffl ω, 77, 9³⁴. 1153,

⁸⁰¹⁸m· F. (1111181111 (111111 11111111 8881.
81111111 (11. 1111111. 1111111111) 8851. 8111111111 8111111111 (1111101111 881.
8111111111 1185. 8807. 8181. F. 0111111111) 8111111111) 88811 11.
F. 1111111111, 8111111111, 0111111111- 8158.
1111. 8111111. ¹ Fidicina: 01111111 11111111 011111111
F. 1111111 558 Romanorum 0008( 11. 8101111111.
F. 11111111 8818. 1111111 1111111111 0137.
8. 0111111111 1371.’ 8800. 3057. 8111111111 1118100.
F. Quirinum 5000. 81111111 Lutum 811. 111811111111
F. 1111111111 1157.· (1111 11 ,11111111 (111111 magistrumn 11111111 1880. ·
11111111 11111111 1111111111.) 11111111111110811111111111111118108.
F. 71111111) 0518 (11111111 11 11111 81111111 1111111 1111 XXXI (1111111111
8111111 1111111111. 1111111) 1571.
8111111111 8818. M. 8111111111000.
Rex 811. 11111. 811- 11111. m. 11111. M. 8111111111. 1111. 81111111111111
Rex 111111111 8878. 8181. 8888. instrunt 1008·
flegun· 11111111 8888. 8888. 01111111 Augurum 5070.
81111111 1111111111111111 11 111111111- 8111111111111111111111111111111 8108·
1111111 1018. Pop· 11 1111118157.
8111111181111111 1111111111, 1. 8111111 haemi (111 8111110111 (111111111111)

81111Τ11ξ111111111) 11111 Ausum 650. 81111111 11111110101 8858. 8180.

 

