1. 111111 7115.

t. 111111 1616. 6166. ’

1. 0. 11. 6111115656.

1. 11611111 1616. 16615666.
1. 0. 11. 111. 16663

1. 1111115667.

“ 1. 11111111 tantorumque 1616.

1. obsequens 1616. 5666. 5666.

1. 0161117116.

1. 0111111111 (1116111111 111.) 6156.

1. 1111111111 1656.

1. 1111111111 11116111111116166.

1. (1.11. 11111 doum 1111111111 5666
566661 161666.

1.· 0. 1111111 11111 611111115666.

t. 0. 11. 11111111 1651.

1. 1111111111 5611.

111111111161. 666. 666. 1111111.
5666. 5616.

1. 611. 6111111111 631. 666. 661. 611.

“ 1. manumittimus 5616.

111111111115611). .

l. propugnator 16. 6657.

1. 0. tt. 111111111655.

111611 1656.

1. 0. tt. restitutor 1658.

Ι. 1111667111·

1. 6111111111 1656.

1. 0.11. 111111111766. 1666.

t. 0. tt. 611111111111111111111661.

1. 0. 1161111111111111115616.

l. serenus 1666. 1661.’ 116111.

L

1.

¹ 4610, 3.

· 0. 1111111111 111111111111661.
61111166. 1666.* 6165.

1.ο.11.1111111111.1111.

1. 6111111111 5616.

1. stygtm 1665.

1. 61111111 11111111 166611.

1.011.11111111111111611111111667.

1. 0. tt. 1111111111 11111111116111111
1666. 1616.

l. (1.11. 11111111111111161111111
6111111111 humanumque 111111
11111111111111111 1161111 1666.

1. 0. 11. 11111111 6651.

l. 0. M. 111111111661. 1665.

1. 6. 11. tempestatium 6111111111 1ο·
11111611.

⁴ 1. 1111111111 5616.

6111111 1. 11111111 6617.
Ι1 wgo 1111. 111111. 111. 6111. titt*

1. 71161111115151.

1. 11111111· 167611.

t. 1111116656.

l. 7111111111 1671.
“ 71 'mm mao-

1. 1111111111111 1676.’

’ 1611111116111(1.6111111111116151.
t. 0. 1116111615*

111. nn, ' ΜΔΕ. timiotootct VARIA.

1. Xoutm 5666.
11111 111111 ttoe.
11111 gentas, 1. 6111111 6111111.

11111111 6616. 5656. 56111 1. 11111·

111 t.

1. 1111111111 1661.
11111111 1111. Pr. ι. 111. 6161.
11111111 5863.
11111111 6617.
1111111, 11111.
61111 6616.

L. 6115666.
61116111, 1. 111111111.

11111 1111111111. 111. 11111661. 1661.
1516 1666. 1651 1156. 11661657.
1766 16666676661166616116.

6611. 6116. 6665. 6116.
L. 1111111111 7157.
Ι.. 1111111111 76861 11. 6111. tm.

116 Ι.. 6111611111 1111116161 1666.

611 L. 6111111111111111111111116.
L. 6111111111111111111 167611.
L. tgretttu, 611111111661.

1. augutu 111. 1111. 1111. 1111.
ΜΜΜΜΜΜ1

6661. 6666- 6166.
1.. 1111111167761.
. L. 11111611111111 1111111111 1661.
L. 6111111111 1666.
L, 111111111115776.
¹ L. 1111111111 1665. 6661.
L. 11111111 1667.
- L. 1111111 15661 16111111.

Ι.. 1111131111 11. 11.-111. 6111111111,

L. 11111111 1666. 1716. 5766.
L. 1. 16111111111666.Ι
Ι.. 11111115.
L. 1111111 6611.
L. 711111116111 1611. ·
L. 11111116761766. 1661.
L· 111111 1676.
L. 7111111111 1671.
Lutum mter 661. 6676. 6671.
Lam 5651.
61116111 Aug. 6616.
11111166. 1161.

11111111 1111111 111111 1166’ (61111). ³

611111 1111111 166511.
6161111111 6666.

L. 61115666.

L. 11111, 111111.
Lethe 1666.
1111111111, 1. 11111.

61611 111. 11111. 116111. m. 1111111.
1166. 1616. 1666. 1661. 5675. 5661

5656. 6767. 66661.
111111..·6655. 6656. 6666. 6661.
1.. 11111166.

L. 6111111111 161111161111168.
61111 L. 11111111 615611.

 

