m VIII. 11110 MILITARI&

Ι 1111411.Τ111111110003.65430.5085. Εἱέῗηῗῶῧοὸωω.

411 Tungrorum 5700. 411111111115740.
1. Tungrorum 01111111111 5083. 11111. 5083.
1. 71111. 0111141111111111118701ς
os. 111111 01111111.
411 Vaiioorium 8718.
411111111111111 111111111011111111115010. 41111115010.

5. Equitium ot 1114111111 numan· 11141.

11111111111411111 11 011111401118740. 1111111811 8740.
11111111 41111111 8700.

1111111 11111. 1111. , imm* 11111· .
paepositus 8740.

1.Ι omnia 14111111 0111111111 770. 11111773.
111111111111111111 ’0111111111 ax 11111. 405.
, 111111111111111485.
Annamatia! 1111111. 8700. pmp, 0732,
liquitur 8111111 quingenti 0040. omi, 1110,
Numerus 8111111111 5701.
1. 111. 11 exploratorum 1111111111·
11111111 8731.
1. 81.Τ1111111111111 1807.
Numerus Cadiaiauur 0414.
1111111111 8114111111111 5071.
1. 8111111111. 0414.
1111111111 miiitum caligatorum 3548.
811111. 1111. 0500. (11111110500.
1111111 1111111 174. 175. ,
11111111 11111411111 1541. immunia 1541.
11111111 8111111111 4111111111 comita· 111111111115570.
1111115570.
11111111118111111111111111111111111 0410. 11111111 3418.
1111111111111. 811111111111 1005 sp.
11111111 111111 1111111111315530700. 11111111111 1115538700.
. 111111111111111111111111811111111111111088. 1111111111 088.
t Numerut 1111111111111 811111111111141-
1111111111111 8708.
⁴ 111111. 111111111111111. uum. pru-
11111111.
11111111 1111111111 400. 11111111111408.
Frumanturii o. 1111111111.
11111111 1111. root. 1111· otoo. 3¹:22²:ss ffifflt
Miiiiat 111111111 8704. 11 11111111118734.
. 1111111 11111111 3005. 8807.
· 81111111111113408. 8000. 11111. 0408. 8000.
i. a. 11111111111110735. 11111. 8705.
Veterani 1118110111 5014.
1411111111111111 1040.
111113118160480. 3804. 0884. 5877. 8705. ¹

ax principa 5500. 8000.
aui) 111111115877. 8747. 8705.
1111111111 3487. 0480. 0480. 3804. 3084. 111111111111111111111111111111111 0480.
6526· 6767· 6765· 6766· 6871· 6977· 111111111111111111111111111111111111.
111111 111111. u. 4000Ι 5877. cipit peregrinorum 1058. 8708.

1111111111 1111118111174. 1058. 3108. 11111111 11111111. 74. 3108. 0480. 0884.
3480. 0884. 8747. 8705. 8708. 8705.

 

