v. 5111115511 nn 5115115151 11511111. nn·

155151 011 51511551. 0111 01011151
1551551, 01110111151 0111111111
0111 1011111 1051551, 11. 1111. 151.
155. 5000.

1515.ῐ 03111 11. 151. 151. 155. 03035
1. 50.

1151. 151551151 000. 3157.
Antoninus 155. 0115.

155. 1515515510770.

,1155. 151. 0151155. 001.

0. 5. 1515515510151155. 5007.
1515. 151. 015101111155. 0017. 5101.

0. 5. 11. 151. 151. 0111. 155. 038. 0053

1155. 11. 151. 151. 155. 5510.

1115. 0111. Μ. 151. 151. 5500. 5511.
5003. 5053.

Ι.151.151.155. 155. 0077. 0010.

155. 0111. 11. 151. 151. 0151155.
5007. 0030.

1155. 0111. 11. - 0151151. 11. 155.

155. 0111. 11. - 155. 0151010.

155. 11. -0151155 1030. 1070.

D. 511. -· 0151155171·

155. 0111. 10. - 0151 155. 151111·
111551 51111151, 5155151151 1551111

15,ρήὅί111. 11. - 0151 11111151 155.

155. 0111. 11. - Antoninus 155.
15111151 51155151 0551.

155. 0111.11.-015101111155. 031.
0377. 5055. 5005. 5055.

kuffi- — 155. 015101111 05. 050015.

11. - 015101111155. 5010.

11511. - 015101111 155. 1000.

15111151 155. 1515111551 0151 01111
155. 030.

11. 5151111111 1155. 151551551 5111·
11551155. 1003.

155. 0111. 11. 151. 151. 155. 011-
1111151 51111551 100.
015101111155 0111515. 5111151. 0111.
1511115. 55511111511155150. 013.

11115151551551 155. 0111155115155.
0750.

11. 151. 151. 0151111111 155. 01111.
511. 51151151 15115151115077.
1155. 0111. 11. - 0151 01111 155.
01551151 1511. 0111. 5111. 01115.

nnn. 5551. 5111.·030.
155. 01111 011Ι 01011. 511. 155.
015101111155. 0115. 555. 5111.

015101111155, [01111. 515] 51151151
1511515111 5077.
0555511115 011155155151 11 01155

1155. 0111151151551551155. 0310.

155. 11. 151551551000. 1010.

11. 151. 155. 5. 5. 0000.

155151155000. 1000. 0300. 3057.
3000. 5105.

115. 0111. 151551551 5500.

155. 151. 0151011110000.

151551551155. 0151 01111 15111151

...151. 0151 011. 155. 1115. 551... 000.

151. 01510101 155. 1051.

1515151551551 070.

1115551 0111515115 5511 consecrationum
0111111033. “

01151 1115551 151551551 uam 11.
0115151155 111111150155.

155. 0111. 11. 151. 151. 015101111
155 51111151 1511515111, 55515
51111151 030

Numen 115. 15155151 5501. ·

1515115111 0111110111151151 (1. 1051)

11.15111151111511151 011111 1155.
1.. 0151111111 011111 0110111151111

155. 1115. 10115. 55. 5551. mx. ¹

nn. 5511111. 155. W 151. 11.
515151. 01151 1110015501.

11. 15111151151551151011111 (1. 100)
3511010071 51. 3013.

11. 15111151 151551551 011111 155.
0111151151 155. 1.. 01511511 011111
0111151111 155. 011111 (11071050.

11. 151. 151. 0111. 155. 0111151151
(1. 107) 000. 0305. 0058.

1515. 0111. 11. 151. 151. 01510151
155, 5. 5. 11. 551. 151. 5. 5. 515-
551007. 0053.

1155. 0151. 11. 1511511155. 01115.
511. 51151151151151. 1115. 551. 155.
ΙΙ (1) 0111. L. 01511511 011111 011
0111151511 155. 1115. 10115. 01115.
511. 1. 011115155151 01151. 0115.
515. 0111 151551515155. 1111. 051.

155. 0111. Aur 151. 155. 1115. 551.
515551. 155. 0111. 1.. 0151151101-
11110110111151511155. 1115. 10115.
01115. 511. 5551. 5111. 1511111151
[1111111151 5. 5. 01151, 0111111111
15155151 0111515111 0115111111 51·
551, 0111 15155151 011 515515..
011101011151 1551551, 0150111151
01115111 11 0111 Nemo 1055551

. 3087.

155. 0111. 11. 151. 151 155. 1115.
551. 11. 515151, 155. 0111. 1.. 01511·
552Ιὲ 011111 1111. — 1051551 (1.100)

155. 0111. l 151. 151. 0151 155.
1115. 551. 1111 515151 (1. 001) 007.

 

