vm. »RES 1111117111Ιὸ.

71111 1111511. 3331, 4373. 5357.
11111771 711111 334. 3333. 3333·
3313. 3437. 1111111334. 3333. 3434.
711111 1311113333. 1113. 111111. 11313.
711111 111 1131111 3343. 1113. 33334. 3343. 3331. 3437.
711111 111111 33. 334. 4333. 3434. 11111111 4333. 3743. 3371.
3743. 3371.
11111 771 311. 3735. ⁸
11111 771 7. 7. 343311. exercitator 11111111 343311.
(111117711 3111111 1111. 111. 71111. 311. 3373.)
11111 mx 331. 111111111 331.
1111177111 71111111 3333.
11111113333. 3733.
1111177 333. 333. 473. 1337Ι 131511. 1111οῐ11ἳέ1”1ἓὲ01111,
5⁸⁸7· ⁶⁸⁰⁶· ⁰⁸ 1113. 1337. 131511. 3333.
11111 xx 11111. 1111. 1111. 1111. 111111. ⁶8⁷¹·
3533. · 1111111111 3354.
7111111 1111111 133. 3333. 3354. 3333. 1111111111 3333. 3457. 3433.
3733. 3377. 3433. 3431. 3535. 113111111114373.
4373. 5735. 3313. 3333. 3371. 111111111111113431.
31111. 333333.
ι1111111111 3335.

11111 77 3111111111 351311.

r 1113. 11111. 1. 1. 1543.

mco 111 11. 111. 111. 5111. 1111. ss‘sssslffiff·

:affixfflu 1111. 1111. 1111. mm ³³41.

1111111111 111. 3373.

1111111111 443.
11111771 G (11111111) 441.
GR (1111111111111) 441.
3 . C 71 (311111111 113111 71, 111 31111111 11111111) 441. 4411.
3 (3111111111) 433.
11111113733.
³⁴⁴⁸· ....
1111117711 3111111111111. 111. 111 1111111. 3443.
cyr. 3333.) 11111111 517. 531. 534.
, 31. 111. 3733.

11111 7711 31111111111 513. 3333. 1113. 513. 3334.
3334. 1111111111 3333.

11111 7711 11111111111 733. 3135. 11111115433.
3333. 3333. 3433. 3353. 4374. 1113. 111. 5533. 3533.
5334. 5433. 5453. 55113. 3533. 11131111733. 333. 313333535733.
3537. 3343. 3313. 3313.
11111111111 111 1111111 333. 1331. 1111111. 3434.
1335. 1337. 3337. 3347. 31133. 11111111 1337. 33374374. 5453. 3537.
3133. 3135. 3434. 3533. 3337. 3731.
4347. 3733. 3131. 3737. 3311. 31. 111. 3733.
11111111111 1. 1. 1. 433. 111111 31111111113311.
111111111115333. 1111111111 1111111111 131.
1. mm.. 131. 111111113337.
,111111411115337 ¹ 1111111 5733.

(11111 7711 151. . 1 333.)
31111 xm 3433 1111111111 111111111111111111111111 3433.

(1.1111 mx 1111. 777 111 77 . 3373.)
3111111. 11111113. 111111. 711. 111. i

 

