ἱ vm. 888ΜΜΤΑ1118.

111111178111111118888. 8888. 8588.
4888. 5887.

’1111181 181111 8444. 8458. 8888.
4088. 5881. 5887. 8884. 7170.

1188111 1181. 1111. 1818.

l

11818 111 4818111 85. 748. 848. 1871.
8780. 8057. 8888. 8888. 8888. 8484.
8588. 8584. 8878. 4874. 5880. 8807.
5818. 5881. 5150. 8488. 5811. 8014.

81111. 8444.

1115. 4088.

8158181181 888. 8887.

5111118118 885. 1. 4088.

81811818 8458. 8888. 8888. 88817170.

11 8818118111704.
1115. 8448. 8880.
88118 815. 8111111 8808.

1111181848. 8888. 5818. 8480. 5488.
5881. 8504. 8748.

81118814111 8748.

81111. 8885. 8787.

1115111181. 8014.

1115. 8111. 85. 8888. 8780. 8087. 8484.
8888 8878. 5888. 5807. 8848. 7408.

8118181181 8884. 5458.

81818118 748. 4074. 8788. 0771. 8871.

8748. 8788. 8771. 87881. 8871. 8788.

0848. 7408.
Αἶῖωιὲη 1188118884. 5881. 8884.

Aug. 111811811818787.

Aug. 818181181511118181181 8504.
Aug. 811 81811111111811181 8885.
De 8818181 151111 81. 5840. 5881.

881188110780. 181. 811. 88081.
181. 11 1481111118 5881.
818818158181 8588. 87881.
comtemnentis 87881.
818811118118111 1115811111.
115811181 7480 d.

181881118111 1411.

51810811111881. 1511.
881118881111 158.

55. 111181 1411.

ι 51881811 151.

18118111 cyrenem 888. 8878. 8888.
88 81818818· 18
8758. 0871. 0811.

181. 8118111111 81111181 8888.

88111181118111.8181811181.
1181. 1111. 8811. 11181181.

{eglom 1111111 1888. 8188. 8118. 8181.

8888. 8888. 8484. 8805. 8018. 4788. .

4811. 5508. 8844. 8778.

11111111 111151118818. 8888. 8518.
4880. 7887.

leg. 111 1118..1 500.

11818 11118845. 8788.
88111181 8118.

1181111111 111111 8148. 8175. 8888.
8888. 8051. 8488.

1111111811 11111 8048. 8485. 8858.
8888. 4874. 5888. 5718. 8775.

1111 111811 818811815888.

88111. 8871.

81111 8111111. 0758.

1115. 111181. 8878. 0501. ¹

1815. 8880. 0158. 80881. 5.

8118118. 8808. 8011.

81818118 888. 8888. 8888. 5808. 8788.
88118811 8888.

1181181 8814. 8788.
1815. 1178. 5488. 8458.
8118118. 74.

18181111 8571.

1111181 1888.

1115. 111181. 8118. 8808.

1815. 8111. 888818. 4018. 4011.
81818118 5844. 8778. -
11111181 1888811 8188 = 8005. . ’
1118111111 4788.

1181811818 8484.

11111111 8518.

51111181 8788.

1881 “w-

181111.) 1111. 5718.

1815. 111. 8148.

1115. 8111. 8888. 8081.

8118118. 8175. 8775.

81818811 8040. 8455. 8808. 4874. 5888.
81111118 11811111. 5888.

 

