Σ 00· lv. 11Εὸ8101111.

1111111 11111 hou Ι. 11111100111111 8111111111, 1111111111 0111.
8111111 1111111111 nou 1111015.
1111111111 11111111 11111111 1100.
Locus religiosus 0178.
1111 Ι. 111111110177.
11111111 111 1111111111 11111 3057.

Lucus 0510.

L. 011111111 001. 0005. 0070.

l.. 0111011111 008011.

1.. 11111110111111 1303.

L. 1111111111 5083.

1.. muer 007. 0180 uu.
111111111111111111 posu· 1003.
1011111 11101 1101111110101111 1885.
1111111111 Saliorum, v. 81111.

1111111111 lucus 11111111· 0111111111 0111·

ἱ 111 0300.
= 1111111111 111011 111. 11, p. 380.
Nemus 1011111 5751.

8. Proserpinae 1070.
8. 8111111 111110115130.
8. 811111 11811111 1080.
8. 811111 1111111 1570.
011101 11111111110100.
(1111101111 11 1308.
(1111101111 011 11111 111111 1007.
1111 1111111000.
luppiter marmoreus 0100. -
11111111711111ς 1111 1111111 011111·
1101111 0130.
11111 11111111 1111111 3838.
11011 1111111111 redimiculo 1111 11
101111 111111111101111111 1080.
811111 11111 0100.
81111111 11111101111503.
Coma 111111 11111111 1003.
11111 1111111111 5050·

81111 111101011111 1008.

Nymphaeum 1805 sp. 3317. 5000. 0753 Simulacrum 0111 (71111111) 1111011111

Ν.011ι11111111111111 57.

(mannifluum) 5700.
8. 1111111111 0133.

Omnbus 11 111111 1111111111 11111011· 8. 1111111111 8111 1758.

tur 0003.

8111111111 passim

011111 11111111 111111110300. speleum (11111111) 1000. 0301.
ι0111111111 111110111111, 1. 1111101111 8. 8111 1111111 11111111111111 0301.

111111111111.
11111111 11111111 5000.

81111111 passim.

S. 10111111 5007.

monnau 1111. 1111. 1111. 1111. 5111. s. 11111 1111110 ³8³8·

0101 111.
1111111111 1111111111. 8111.

8. 11111111 1111111101 5010.

81111 11111308. 1808 111.

8111111111 11111 August! 0070. 0105. 81111111Τ1111111000083.

01001 11. publici 1111111111.

8. 01111111111111111 1000.
8. del 1111110300.

8111111 8111111 1015.

811111 Fortunae 11111111 1753.

sanctuarium 5088.

“ schola 011111111111115701.
Schola 1111111.

scutulum 1308.

smmum marmoreum 1010.
8111111 1111111 3300.
Sigillum Apollinis 0080.
8. 8111111 0080.
8. 71111111 1381.

Signum 1111111.
8. Corinthium 1358.“

8. quode 1111011111111111. 111111111-

rum 1111 01011111 0000 = 5000.
8. marmoreum 1050.
S. 111. 11111111110117.

s. 01111111 1111111111 cum 111111 3070.

s. 1111101111 1370.“ ·
s. 11110111 Cybeles 0353.
S. 11111101 3070.

S. 11111 0101.

s. 11111 5000.

8. 1111111111 0070.

8. 1111111 111111110317.

81111111 0105.

8111111 11 1111111111 0500.

81111111 11111 0130.
Templum panim.

T. 11111111 1130.

Τ. 1111110010.

T. 1110111111 001.

T. 1111111111 11111111 0838.

T. 0. 1111111110111111111111 11
mutio 0000.

Τ. 111111 01110070.

Τ. 11111 011111 1850.

Τ. mmmm 0017. 3787.

Τ. 1111111 genus 5580.

T. Fortunae 1000.

Τ. 11111 11011111 1050.

Τ. 111011 057.

Τ. 1111 1181111110000.

Τ. 1111111 300011. 3008.

Τ. 111111101111710. 0100. ·

Τ. cum arboribus 1111111111 0110111.
coustitutum 0000.

Τ. 111111111 0507.

Τ. 10111111 1000.
Τ. 1111110111 11111111 0353.

Τ. 11111111 010.

Τ. 1111111 111111111111 111111111-
1111 0111. 5005.

 

