,11 11. ueuuuurfflcu'.

111. 81111111111111) 8587.
111. 811111111111111111 5838. 8858.
111. 0111118. 508.1 781. 818. 8887.
111. 111117111111 Aug. 0111118.
881. 878. 8881. 5878.
lJiplr 11111118. 8831.
111. 1111111 1581.
1118111111811111111111111111115880.
81111 0. 8788.
8111111 8888.
81111111118880. 8808. 5188.
8111111 5888.
81111111 111. 5158.
8111111500. 5778. 8881. 8781.
claudie 8. 8881.
81111111111 111111 1788.
8111111111 888.
8111111111, munielpiuru Fleiluru Aug.

swffi' municipium Fluvium - 5888.

’ 8111111111 1111111 8888.

8111111111, 111. 1111111111 1111111111.
81111111 8718.

81111, 111. Aeliu 1780.

8111111111 150 ep.

8111111 750.

81111111 11811115888.
8111111111 5810.
8111110. 1008.

’ 8111111 81111. 8803.
8111111 888.
8111111 5838.

’ 811111118718.

811111113883. ,
8111111111 8018.
Segurll (811111111888.
8111111115818. 5817. 5818.
81111111 888.

mnu· 8111111111 1880.
Segulio 5810. 5880.
Segustero 5810.
Selinus 788.
Semproniana 5810.
8111111111 8138. 8888.
8111111111 108. 8788. 5177.
Septempeda 87.
· Septempeduni 1088.

. Sequani 188. 880. 8018. 5888. 8788.
81111111 reple 3588. 5880.
8111111 5013.

‘f 81118111778. ,

8111111111111 8888·
sextantio 5810. 5880.
81111111111 8788.
81110111 1111111 1881.
81111111111 8080.
8111111111 3783. 8788.

. , 8111111 1111. 1111118111818. 1188.

8177. 8178. 8188. 8805. 8878. 8718.

8780. 5838. 5587. 5888. 58888858.
8801. 8588. 8587. 8588. 8807.

811111 Agrigentini 5188.
sigile ii. 808 ep.

81111111 5818. 5381.
811115888.
8111118880.
Sipontum 5187.

111. Siponllne 8887.
811111 reple 1558 ep.
Sirmium 8358. 7857.

111. 8111118. 8817.

111111. 811111111111 5888.
811111 508. 505. 1838. 87881.

1111111 811111 5888.

811111 8. 8708. 3875.

111. 811111118111111111111 8888.
8111111111 111111 1838 = 8888.
8111111111, 111111181111111111. 1111-

11111 1111111111118. 5835. 5888.

111 publ. 811111111111 8111111111

111111111111111 5505.
8111111 5810.
8111111111 5587 ep.
8111111111 5188.
81111, 811111 ·- 8078. 3877. 8078.
5883. 5888.
Solum? 5150. 5151.
81118878. 7081.
8111118858.
8111111111, 811111111118788.
8. 111111 8788.
8111111111111111 p. 508.
Spoletium 3088.“ 8885.

Spoletini 88· 1100. 1188.

Spurinnae 11111 8880.

8111111 8888 = 8808.

81111111 5880.

81111 8888. 8758.

81111111.. res publ. 11118) 5888.
811115810.

8101111111 mun. 3818.

’ 8111118087.

111. 11111 Felix 11111111 8. 5158.
81ἔ1ἱ1ὓ11 180. 837. 1018 ep· 8888.

8111111 8858.

81111111 8888 = 8888. ’
8111111111 130. 8888.

8111111187881. ’

811111111 5888.

Sulmonenree 7171.

Sumgluuusenneneli 1118111. uel 11811181

811111 5855. ⁴
811111111111 818. 1858. 8108.
8111111111 8788. 5581.
8111111111, 1. surium.
81111 1. syrus.
81111111 588.

8111111 8088.

 

