V. IMPERATORES 31 IMPERATORVM mim. 51

11111 111 3111111 (1.715, 1117131 11. 11. 11111111 333
5111111111,1.Ν. 11311311111111. 111. 1111. 11131111. 111111. 5337.

111111. m. 3111.

111131 11111111111131311 11311111)
(ι. 718) 5353.

1113 11111111 11111 (1.7131Κ111. 111111.
3111. 111. 3111.

rem 1151111111 111111111111 11111111
113111111311. 111111. 11. 111.

1111111111111111111111 (1.1·11)5351.

1111111111111111 1111111111 Urbem 111-
111111 11. 735) Κ. 111111. ιιι. 011.

11111111 1111111111 111111111 (1713)

-1-1111. 11111. Pr. 11. 51111. 3113.

111111111111111111111. Pr. m. 1111.

11111 1111111 1111111111111 (1. 752)
ΚιΙ. 31111. 31111.

11111111 (1. 111. Chr.) Κ. 1111111.
111-1113115.

511111111111111 111 1111111 3111111
ΚιΙ. 111111. 111. 3111.

111111 1111111 11111 11111111 11111111·
trum 11111131 1 11111 1111111 11 Τ1.
11111111 3131111111 Κ. Pr. ιιι. 111.

Scribonia 3111111111 313. 5352.

111. 11111111 11111111 3111311111 1111111111

11111 111111 1111111 5335.

1111111 11. ’1. maur 1111111111, 11111111

3111115335.

Livia 31111111 11111111.

[11112333. 3353.

Lim 111. 11.

11111 111111 3111 1111111313.

1.. 111111 1. 111131111111111. 311.

1.. 11111111 311 311.

111111 11111111 3531.

11111 1111111 Κ. 31111. 111. 335.
313. 1333. 3333. 3337. 7135.

11111 111111 1. 1111111 11111 1111111
351. 5331.

111111 11111 111111111111111 11111111.
31111111 11111 1111111 1. 11111111
315. 31311.

111111 111 111111.111111131111111111.
1111111111 11 111111111111111 31711.
31111 11111 Augusta 11111 1111111 1111·

111Τ1. Caesaris 1111111 313.

11111111 333. 1731.

11111 1111111 3337. 3113. 2303. 5335.

11111111 111111 11111111 333. 2531.

0111151111111111111111 soror. 3353.

31111111131111111111511110111111131311.

Manena 2355 5371. 5372. 3331.

11. maior 315. 5373.

11. 311111 (11111111 1131111111 1111111)

3311111111 513. 5371.

3. 61215111111 3111111111 1111111111 11111

3. 31111111 5335. 3333.

3. 31111111111111. 333.
3. 3111111111111 111111 1111111 11111111.

1111111111 1111111311 11111111 1111111111 —

1111111111 11511 1111111111 1111111311
111111 11111 111111 313.

3. 3111111111. 1. 111111. 11111333.
111111111111111111111111111. 1111. 311.
(1. 753) 312.

11111111 111. 3111111111111111111-
111 11. 7531 331.

111. (1.751) 335. 313.

3. 311111 1111111 1. 3111111111111-
11111 1111. 1111111111311.

31111111 311.

1111111 1111111111 11111111 11 11311111
1111115111 1151111 1131111111313.

1111111111 1 31111111 11 bonorem 1111
11111111 313.

L. caesar 3301,

1.. 311111 11111111 1. 11111 1. 1111111
11111111 11111111111111. 11111111. (1. -
7551315.

11111 111. 311. 1111111111111111111
(1. 755) 337. 338. 311. 313.

1111. 311. 11. 755) 3111.

1111111 31111111 11111111111111111-
113111 1111111111 1151111111 11111111·
111 11111 31111 11111111111311111·
111111 11111111111111111111 (1.755)

31111111 311.

1111111111 1111 1111. 111111. ιιι. 111.

111111 1111111111 11111111 11 31111111

3111111111 1 31111111 inhonorem 1111
11111111 3111.

3. (111311 311111 11111 111. 1. 3773.

11111111 31111111 (Ρο1111111111)5373.
11111111 unior.

11111 3111311111111111 315.

11111 31113111 ’11. 11111111311111.
111111. cus. 11111. 5375.

11111 31113111 11111111 3111111111
3111117113.

1311111 11111 7113.

11111111 11111 Τ1. 3111311 Aug· 113.

11111111 311111 3337.“ 353711. 3371.
5353. 5337. .

1111111311111111131331311.31711.
1111115353.

11111111 1111 Κ. 1111. 3115.’

33. 31 5111111511 post 1111111111 11
1113111311 5331.

1111111111 omnibus 111111 11111111311
1111111131 5331.

 

