ΠΙ. DH. DEAE. MYTHOLOGICA VARIA.

1.. 81118111 8115.

1111111111... 1. 11111111.

1.. 11111 1887. 1888.· 1888. 1888.

1581. 1888. 8888. 8858. 8388. 8851.
· 888811. 8888. 5888. 5718. 5715.
1.. 11111811. 8158.
1.. 11111 81111111 11111 1111111111 11·
1115718.

1.. 111118111111111 888.

nem 1111111 numen 8111 magnus
11811 1111111 18111111 11 111111·
11111 11111111 11111111 1888.

118111 1888. 5881. 5858.

818111111817 11.

1.. Aug. 1818.

1.. 1181111 111111811111181.

1111111118.. 1. luppiter.

11811111 1878. 8888 (1). 818111115888.

811111111111811 818; 1. 11111.

lullo ⁵⁸⁹⁷·

811118888.

111111, ι. 1111.

8111111, ι. 1111111.

8111811. 1811111. 111811. 888. 818.
1878. 1888. 1887. 1888. 5888.
5858. 8888.

1111111888.

1.- 1111111 1885. 1888.

1.. 8111111 1888.

1111111111 5887.

Lux 8111111 (1) 8888. 8888.

811111118888.

8111117818.

Lymphae 1887. 1888. 5788. 5788, ι.
Nymphae.

1.. 1111111 1181111 1888.
81111111111, 8111111111 1. 1111111111.
8118811811, 1. 1111111111.

8111111. venun· ιιι. 81111. 5887. 7187.

Det 811111 5881.

8111111118111111 1818.

81111111 111111 5718.

8111111,1111. 11111111 ι. 8111111.

8111111111, 8111 - 8888.

1811111111 111. 11, p. 888.

811111, 111111- 87881 1. 1111181111
11111.

8111118118815·

81111111, 8111 -, 5888.

8111111 1858111.

8111111ι8871.

8111111111 5858.

81111 11. Pr. 811. ιιι. 811811. 11. 8118.
1111111. 8. 111. 188. 857. 8581.
58855858. 88858785. 1878.
1858. 1855. 158511. 1788 111. 1788.
1888. 1881. 8188. 8878. 8871. 8785.
8718. 8850. 8188. 8787. 8878.
5887· 5888. 5818. 1111118111111 11.
oet· 8011 nn psam·

(1011111. 1111111111. Latin. Vol. 111.

88

8111 81. 8887.

81. 818111115887.

81. 1111111 11111111111111881.

1111181. 1111111111 1111111111) 5888.

81. 81111111 878. 888. 1888. 1888.
zm. 8171.

8111111111111111111111111111888.

81- 1111111111 588.“ '

11111 81. 811111118111, 811111111811
1888. 5878.

1111181. 81111111 1857.

81. 1111111111 1858.

11. 1111111111 1858. 8888.

Μ, 8111111111 1877.

81. 8111111 1888.

11. 8111811111 (11111111 8118111111

1111181. 81118111 5888.
11. 11111111111 8187.
1111181. 81111111 1888.
8111111 111111 11111111111 188511.
81111 111111 5888.
81. cyprum 8858 = 5888.
81. 81111111 1858.
81. 8111111811. 7188.
8811181111 5870.
81. 1111111118118888.
81. 118111181181111. 11811115871.
11111 11111111 81. 881·
81. Aug. 11111118818.
81. 8181111111 5885; ι. 8181111111.
81. 8111111111 1858. 5888.
81. 8111111111 5888. 5888.
81. 11111111111858. 5878.
88. 1111 8111111111 1888.
81. 1111111 1858.
81. 11111 conservator 1887.
81. 11111 11111881.
8111111111 1858 ιιι.
81. 8111111 1858.
81. 8111111 1858. 8888.
81. 1111111358. 5878.
81. 1111118888.
811111111111 188811.
8111111111 (11.) 8858 111.
8111111111 81111111 187811.
8111111111 11111 conservator 181811.
811111 (811111) 5878.
8111118111111, 1. 811111.

81111115881.

811111 deum 788. 885111. 888. 1888.
1885. 1888. 8818. 888738888.
8888. 8851. 8358. 8871. 8888. ,
8188. 8585. 55881. 5888. 5888.
8888. 8188. 8888.

Du 1111111 81. deum 1181111 8858.
111111111118111111 deum 888.

81. 811 (1111. 811118111118888.
Deum 81. 18111 1881.

81. 81111 111111811111 5888.

11. 81111 antummum 111111 8187.

8

 

