1 “ 1

· 1581 111. :mss 21¹ oum mmm.

51 1111111 11111515 5535. 5511551151 (515155155111115515.
51111151115115551 11151111 5555. 551151 111151.. 71. 111. 111. 5555.
1111111151 5555. 151. 1111111111, 05111115 5111. 1515111
51111111 575. Ι. 5555.
ι 5111511151 1155* 1115155111 35541 5. 55115111.
A 1111111511 11. 5155. 3557 15. 5111111111 51153.

’11. 5551. Aug. Ι. 5531. 151. 111 5511111111, 5111. 5355.

551115 5851. 5511111151 5555.
5555111151 1 1155 51111111 7575. 551111 5558.
1. 111151111115755. 555111511515533151.1511511511115151151.
1. 5151117575. 555151 5555.
1. 515111515111115111511551111111555. 1. 111151111511 5111151511515518.
1. 5551111 publicorum 511111151111 sonandarum (1) 55553755 ot. 151111
5515. 111517. 5. 1. 5. 1111111151, 511515
„ 1. 1111115111 17151 51. 5535. ad n. 5555 55551151. ;
5511111111 1151115151 5555. 5555. 5578. 5551151 1111115151· 5571. 5575. 5555. .
5585. 5575. 5511151111151 7575. ’
1. 1115 5555. 5511111111111 5517.
1. 1515111115555. 1. 1515111115555.
55111115 151111151111 5555. 551151111 5555.
5115151, 151511155. 5588. 51111111111 5575. 5581 (n.
1. 5151111 5111115555. 1111151111111151 5585.
5511151 1555. 8111115111115151115151. 1. 3555.
1. 111515115555. 511511111151111. 115. 5555.
1115111 ’ 511111111111151 5583.
1551551 111111 1111111115 111511151115 5515111515513’(11.
51511111 1151 1111115575. 5115511111 5355.
5. 1. 515111111 5575. 5155111111, 1151511115 5585. 5555.

1 1111111 1. 5575. 8155111111111, 11555111111151 1111111111-
111111 11511 5185. 111 5111 111. 1. 5351. 5355.
11111 1111111 5585. 11. domus 511111111111 (1115151511,

8155111115175. 7575. 5115511511 5353.
81551111111 5575. 115511111111111) 3555.

Ι 51111111 583. 5555111111 11511111 do 1111551511511η 5.

1. 551111151111 5575. 51) 11 1155155111551.
5111111111 1115151515 5555. 5151511111 5555.
8111111 15115. 511511111117515.
81111151551115511111 5551. 51111 1111115151· 5571.
5111511151 5555. 8111151115 15111 115551515111111 5855.
811111151 1155151515 5555. 5111151 5557.
51151111517575. 111. 1551111111 5558.
51151511111 555. 5575. 7575. 511151515555. 5355.

· 55155151 5185. 11115111511151151111511.1157151 51.

15. 1151151151 5555. 551515511111111151151111511155.
15. 511551 5555. 1115111111 11115111, 111. 115. 5555.
15. 111111 5515. 11111111 11 5115115 5555.
111151 dominorum 5111. 5515. 511515111 51511511115 5535.
11. 55511151 5555. 51111151 5115515555.
11.1511111111115 5111115111 55111, 11. 115111 515. 5555.
synodus scaenicorum 5557. 5183. 511111 357515. 55115111.
51511 5111151151 5555. sumptuarias 5551 (1). 7185.
Cf. 55115115. 5151155111151115111115111111115, 111.
15511511 1111511151 1111. 51111. 111. 1111. 5355.
5111. 5558. 515151151 (1151115111151111, 1111115111
81111111 1571. 5357.
55111151 1151111111 5557. 81511115115555.
· 55111111 5575. 1. 1151151111 Antoninorum 5855.
85111111115111115115155551 5155115115. summoves 15 1515555155 5535.
551111111511 5355. 1115511551115 5555.
851151 51 55151511. 5577. 1111. 155151. 1., 511. Ι. 5557.
8511151 1155111151 5555. 51511111 1 1111151111 111515 1557.

 

