tt. 050550οΗ011.

5. 1111111 5031.
5111111 11111 01151115. 51111111 0150.
1οὲ π1311111 0111111 0111511511. 5011.

511. 5115115111111 0505.
1511. 5115111111 5555.

51151151151 0307. 0305. 5033. 5015.

5. 5551111111 573.
011111111 5115115115 0553. 3170. 3017.

3055. 3555. 5555. 5550. 5055.

5553. 5555. 5555.

511111 5010.

5111151151 053 5130.

511151151 3075.

55111111 00500550. 3500. 3500.
111111155111111111 1155.
5511151111 503. 5511.

51111111 1111115515 5005. 5000.
5551115 355ος 1. 51151115.
5511111151151 3731.

5511111111 5010.

511. Ant. 5. 5031.

Nemausenses 105. 5007.
551511511 5035.

Nemetes 5055. 5550.

55151111 570. 5135.

55111111 135* 310311.

5511110075. 5055. 5555. 5555. 5055.

Nesssntensts 5000.

55111151 ss. 3101.

511151 3311.

511151111 5575. 5570.
5111155113350. 3755. 7353.

111. 5111155151111111 1000.

5111115111111, Nicomedenses 700.
51517 5050.

51111 ten*

5115511111 35511. 35511.

5111 3555. 3075.

1511111 511111 5555.

511111 130. 300311. 5000. 7303.

71. 15151513075.

111 511111111 005.

5111 5105. 5533.

51151111 7110.

51151 0550.

511511111 3710.

5111111 0351. 5035.

5. regnunt 505. 0355. 3575.

Nosses, 11. 1111111511 705.

5111511111 155115111151111 1055. 5050.

511151 1555. 3515. 3515. 3505. 5505.

5530. 5538.

5. 1151111111115055.

5111151111 stone 100. 0333 = 0305.

51151111 5070. 5075.

51111 3715.

5111151111, munte. Nestum - 1500.
5114151 5111511111 053. 055. 300. 315.

5111111 5111111111 505.
111. 11111 5111511111 307. 305. 311.
11151 Equestres 310.

5111111111 5035.

51 5111115010.

51111 11111151.
515551151115111,51555111)0501.5515,
5005. 5155. 50107001. 7101.

511. 5. 5111111111 5100.
51551111 05.’ 130. 5155. 5150.
511511111 5001.
5111111111111 130.
5111111151 3500. 3000. 5105.
51111511 055. 0351. 3570. 5055. 5310.
5500. 5553. 5000.
1111111511 51111111 5111111511 5500.

51111515 0577. 0055.
5111111 3055.
0551111 151 1. 155.
0511511 5010.
05511111 511111115111100.
055115 5010.
051151111 5010.
151 1. 01111111111111 3557.
0511511111 05· 5135.
0111511111,1. {om 51111511.
0551111111 5000.
05111513101.
01111, eot- 01111 - 5050.
0111111111, 511. - 5533.
0111111, 51011111 111111- 510. 5100.
0111115100.
0111511111 70.
opus. 0115111 3571.
015111111 3100.
011511 3101.
0111111 (1115010.
0115511 001.
011111135011.
Osrhoene 5575.
01111 3017. 5315. 5500.
ool. 0111511115000. 7105, 7000.
151 1. 011151111 7115.
511. 0111111111 5775.
111111 011151151 3550.
Ostienses, Ostenses 5057. 5775. 5700.
111 011111111 0570. 5570.
0111151 (011111), 551. emens 511111·
nim· ΒΜ· mus
01551111, e. 01111111.
01511 etone 0007.
3111101111 70.
01511 5500.
01511111 3100.
01511111,111.1111111 - 3073.
111. Peestsnosnm 5515.
01111151 15011.
Ad 01151 5010.

0111111111 5010.

 

