..ii

¹ uli. c.
691. 616161161,
11. 961161 5666.
11. i. 616616 67616.
696. 11. 9116,
1111611191 6161).
691. 1. 111111611. 1. 5197.
6961. 9116, 1. 61111161 9199.
697. 9. 6616111111,
Q. 616611161 6969.
699. 61. 11116166,
1. Philippus 9661.
761. 11. 91161161,
66. [166111619569.
691. 699. 769. 96661161 1116661171.
711. 11111161,1191111 1111. 91. 6. 111.
... 11111161, 6. 91116191111 6951.
719. 1.1161111619111661 596. 691 66.
716. 9. 961111161,
i.. Auianius 1991. 6119.

’ ’ 711. 66116611116111. 161111161 11,

61111161 61. 1. 961116
16111.6611111611.1.11111161,
9. 6161611119. 1. 6111161 6691.
716. 6111611661 61
611111161 11111611. m. 9661.
16. 611116161 6. 1. 91111161 67196
11. 6116.
716. 16. 6111661616. 1. 96111161 6117.
717. 11. 1611661, Τ. 911111161 7191.
1611.1.611111611191111111619565.
796. 11. 1161166161 911111 116.
791. Q. 111611616716.
799, 6. 961161 9916. 1951.
796. 166. 6161. 166. 111 61 ’111161 1111.
’ 11111. m. 9661.
ii. 911161 1111.

111. 1111116111. usic 16661111. 11.
111. tn.

1616. 6161. 9ῙῙ, 11. 161166. 111

K. 91. 6. 161.
11. 1611661 1. i. 1611166 61. 19993
. 6667. 6965. 7196.
799. 166. 611. Χ, 6. 1961111661 6166.
761. 1. 1616111161 1.1. 91161161611

769. 1ῗ61116111166 616. 61166161 1111661·

161 167616.
761. 11. 161161,
6. 96111616169.
711). 66. 16616161
11. 6111161 111116. 1711.
11. 11616161,
6611116161 9569.
16. 6111161,
61. 16616161 7167.
711. ’11. 611661619616,
9. 6616611116191161 99665757.
11616 11 91161 lici. 11611. 6. 161.

, 111. 111111116166111161111.

111. 6. “
719. 9. 961611111 Quirinius.
6. 9116161 6696. 7611.
9. 961611161,
6. 9116161 1161611171.
1161116161 61 9116161 1111. 91. 111.
11111. 61161.
715. 11116 61166161 1116661,
Τ. Quinctius 6111611661 599.
111616161 611161661 111191. 6. 116.
716. 6. 1116161 611161,
6. 11611161 6161611161 1979.
6. 11111161 6161611661999.
717. Ti. 61166161 11616 iter..
Cu. 6116616161 Pico 7166.
11. 6116616119616 599.
719. 11. 1161161 1111161,
6161111161 Qu 1696.
719. 1616. 611111 iiii,
1. 661111161 961111669. 6696.
756. 6. 6111111619111161,
1. 961116666 116161 1669.
1 6. 6111111619111161 6666. 6719.
751. 11. 116111111,
1.· 11116161 7666.
759 11116. 616111 xiii,
11. 91161161 91111661 1715.
166. 6161111111 1961ε5616.
11.9116116111.1.1.691111661 699.
756. 661661661111161,
1. 9116 9966.
751. 6. 616111166. 1.,
1. 9161161 9195. 7669.
1.6. 6111. u.
9. P. 91666161,
1. 11166161
111. 161. 9. 11116161,
P. 1161111161 611.
611. 961111161,
1. 11611
111. 161. 9. 911161,
1. 96166161611.
9. 911161,
i.. 961611619116161661 9161. 6171.
1. 961. 11116161161,
6. 9111161 9116111161616.
911. 111161,
6. 9161161
1111. 161. 6. 6166161,
66. 9661161611.
6. 9161161 6191.
66. 91111619116161666.
6. 6166161 1161161 9969.
5. 66. 611611116661,
1. 91161161 9616161 1569.
66. 61161,
1. 91161161,
111. 161. 6. 116161,
6. 9111161611.
6. 911161,
6116161 1161.

 

